Fri Sep  8 16:03:32 2023
W:31181, Items: 19
2023-09-08 16:03:32
V:12066 W:30532
Items:
[(2, (2945, 7390)), (3, (4136, 10372)), (4, (1107, 3114)), (13, (3878, 9656))]


2023-09-08 16:03:32
V:12132 W:31164
Items:
[(2, (2945, 7390)), (3, (4136, 10372)), (6, (1101, 3102)), (7, (2890, 7280)), (9, (1060, 3020))]


2023-09-08 16:03:32
V:12138 W:31176
Items:
[(2, (2945, 7390)), (3, (4136, 10372)), (4, (1107, 3114)), (7, (2890, 7280)), (9, (1060, 3020))]


2023-09-08 16:03:32
V:12237 W:31174
Items:
[(3, (4136, 10372)), (7, (2890, 7280)), (12, (1513, 3926)), (15, (1865, 4830)), (17, (1833, 4766))]


2023-09-08 16:03:35
V:12248 W:30996
Items:
[(2, (2945, 7390)), (5, (1022, 2744)), (7, (2890, 7280)), (12, (1513, 3926)), (13, (3878, 9656))]


Fri Sep  8 16:03:42 2023
