[2023-09-08 22:04:50.910377]
W:1000000, Items: 10000
[2023-09-08 22:08:36.596792]
V:1099862 W:999991
Items:
[(48, (706, 649)), (568, (76140, 69221)), (1824, (61650, 56051)), (1942, (87, 81)), (2168, (181206, 164754)), (2946, (41755, 37964)), (3003, (92264, 83877)), (3023, (177323, 161215)), (5620, (327, 298)), (6535, (244, 225)), (7055, (109027, 99123)), (7234, (437, 399)), (7577, (108657, 98789)), (8034, (69271, 62979)), (9117, (74, 70)), (9308, (945, 873)), (9756, (179749, 163423))]

[2023-09-08 22:29:13.926030]
V:1099863 W:999999
Items:
[(48, (706, 649)), (568, (76140, 69221)), (1824, (61650, 56051)), (2168, (181206, 164754)), (2946, (41755, 37964)), (2965, (1025, 953)), (3003, (92264, 83877)), (3023, (177323, 161215)), (5620, (327, 298)), (6113, (8, 9)), (6535, (244, 225)), (7055, (109027, 99123)), (7234, (437, 399)), (7577, (108657, 98789)), (8034, (69271, 62979)), (9117, (74, 70)), (9756, (179749, 163423))]

[2023-09-08 22:40:34.095596]
V:1099864 W:999996
Items:
[(568, (76140, 69221)), (885, (1572, 1446)), (1561, (81, 81)), (1824, (61650, 56051)), (1942, (87, 81)), (2168, (181206, 164754)), (2946, (41755, 37964)), (3003, (92264, 83877)), (3023, (177323, 161215)), (5620, (327, 298)), (6535, (244, 225)), (7055, (109027, 99123)), (7234, (437, 399)), (7577, (108657, 98789)), (8034, (69271, 62979)), (9117, (74, 70)), (9756, (179749, 163423))]

[2023-09-08 22:46:12.347292]
V:1099869 W:999997
Items:
[(568, (76140, 69221)), (885, (1572, 1446)), (1824, (61650, 56051)), (1942, (87, 81)), (2127, (374, 347)), (2168, (181206, 164754)), (2946, (41755, 37964)), (3003, (92264, 83877)), (3023, (177323, 161215)), (5620, (327, 298)), (6113, (8, 9)), (7055, (109027, 99123)), (7234, (437, 399)), (7498, (22, 21)), (7577, (108657, 98789)), (8034, (69271, 62979)), (9756, (179749, 163423))]

[2023-09-09 00:08:15.154363]
V:1099881 W:999996
Items:
[(568, (76140, 69221)), (1824, (61650, 56051)), (2168, (181206, 164754)), (2946, (41755, 37964)), (3003, (92264, 83877)), (3023, (177323, 161215)), (4319, (2595, 2375)), (6535, (244, 225)), (7055, (109027, 99123)), (7577, (108657, 98789)), (8034, (69271, 62979)), (9756, (179749, 163423))]

