[2023-09-10 23:55:57.572574]
[2023-09-10 23:55:57.640244]
Generation: 1 Fit: -43
Best: [20, 30, 24, 28, 15, 3, 46, 10, 5, 9, 30, 7, 47, 3, 45, 7, 15, 40, 47, 24, 35, 32, 40, 11, 45, 17, 4, 35, 38, 46, 13, 12, 23, 21, 29, 14, 49, 17, 1, 18, 6, 5, 12, 43, 43, 2, 33, 13, 46, 26]

[2023-09-10 23:55:57.760719]
Generation: 3 Fit: -42
Best: [27, 4, 46, 15, 36, 29, 39, 47, 34, 7, 42, 35, 34, 26, 42, 22, 44, 34, 41, 10, 22, 4, 33, 4, 41, 24, 8, 40, 37, 33, 17, 14, 12, 11, 48, 11, 17, 40, 35, 18, 7, 14, 10, 20, 13, 38, 43, 1, 36, 15]

[2023-09-10 23:55:57.880918]
Generation: 5 Fit: -38
Best: [27, 4, 46, 15, 36, 29, 39, 47, 34, 22, 27, 30, 47, 27, 18, 24, 7, 40, 47, 24, 35, 32, 40, 9, 21, 3, 22, 29, 32, 42, 50, 21, 17, 40, 2, 16, 31, 43, 31, 37, 1, 41, 23, 48, 7, 40, 43, 9, 36, 15]

[2023-09-10 23:55:57.941713]
Generation: 6 Fit: -36
Best: [25, 4, 46, 15, 36, 29, 39, 47, 34, 22, 27, 30, 47, 27, 18, 24, 7, 40, 47, 24, 35, 32, 40, 9, 21, 3, 22, 29, 32, 42, 50, 21, 17, 40, 2, 16, 31, 43, 31, 37, 1, 41, 23, 48, 7, 40, 43, 9, 36, 15]

[2023-09-10 23:55:57.999324]
Generation: 7 Fit: -34
Best: [25, 4, 46, 15, 36, 29, 39, 47, 34, 22, 27, 30, 47, 27, 18, 24, 7, 40, 47, 24, 35, 32, 40, 9, 21, 3, 22, 29, 32, 42, 50, 21, 17, 40, 2, 16, 49, 17, 1, 37, 1, 41, 23, 48, 3, 38, 43, 9, 36, 15]

[2023-09-10 23:55:58.372811]
Generation: 14 Fit: -32
Best: [28, 4, 46, 15, 34, 29, 39, 47, 34, 22, 27, 30, 39, 27, 18, 24, 7, 6, 47, 24, 35, 32, 40, 11, 45, 17, 1, 33, 38, 10, 50, 21, 17, 40, 2, 16, 31, 43, 31, 3, 6, 5, 12, 43, 43, 4, 33, 13, 46, 26]

[2023-09-10 23:55:58.577140]
Generation: 18 Fit: -28
Best: [20, 30, 20, 28, 15, 19, 46, 10, 5, 25, 30, 19, 47, 3, 18, 8, 7, 40, 15, 24, 35, 16, 39, 11, 45, 17, 22, 29, 13, 42, 49, 6, 9, 40, 34, 16, 31, 43, 31, 19, 38, 1, 12, 47, 43, 4, 33, 13, 46, 26]

[2023-09-10 23:55:58.680123]
Generation: 20 Fit: -23
Best: [20, 30, 20, 28, 15, 19, 46, 10, 5, 25, 30, 19, 47, 3, 18, 8, 7, 40, 15, 24, 35, 16, 39, 11, 45, 17, 22, 29, 13, 42, 49, 6, 9, 40, 2, 16, 31, 36, 32, 37, 1, 33, 12, 43, 43, 4, 35, 13, 14, 23]

[2023-09-10 23:55:59.547931]
Generation: 37 Fit: -22
Best: [28, 20, 42, 13, 49, 19, 46, 10, 5, 17, 30, 23, 47, 3, 25, 32, 7, 38, 15, 24, 35, 8, 39, 11, 45, 21, 22, 29, 13, 41, 49, 14, 25, 40, 2, 48, 31, 36, 28, 37, 1, 33, 12, 43, 43, 4, 35, 29, 34, 26]

[2023-09-10 23:55:59.601112]
Generation: 38 Fit: -21
Best: [28, 20, 42, 16, 33, 19, 46, 10, 5, 17, 30, 19, 47, 3, 25, 32, 7, 38, 15, 24, 35, 8, 39, 11, 45, 21, 22, 29, 13, 41, 49, 14, 25, 40, 2, 48, 31, 36, 28, 37, 1, 33, 12, 43, 43, 4, 35, 29, 34, 26]

[2023-09-10 23:55:59.858158]
Generation: 43 Fit: -20
Best: [28, 20, 42, 13, 49, 19, 46, 10, 5, 17, 30, 23, 47, 3, 18, 8, 7, 40, 15, 24, 35, 16, 39, 11, 45, 21, 22, 29, 13, 41, 49, 14, 7, 40, 2, 48, 31, 36, 32, 38, 1, 33, 12, 43, 44, 4, 35, 29, 34, 26]

[2023-09-10 23:55:59.962370]
Generation: 45 Fit: -19
Best: [28, 20, 42, 12, 15, 19, 46, 10, 5, 17, 30, 23, 47, 3, 18, 8, 7, 40, 15, 24, 35, 16, 39, 11, 45, 21, 22, 29, 13, 41, 17, 14, 7, 40, 2, 48, 31, 36, 32, 38, 1, 33, 12, 43, 44, 4, 35, 29, 34, 26]

[2023-09-10 23:56:00.216354]
Generation: 50 Fit: -18
Best: [28, 20, 42, 13, 49, 27, 46, 10, 5, 17, 30, 19, 47, 3, 18, 8, 7, 46, 15, 24, 35, 8, 39, 11, 45, 21, 22, 29, 9, 41, 49, 14, 25, 6, 2, 16, 31, 36, 32, 37, 1, 33, 12, 44, 44, 4, 35, 29, 34, 26]

[2023-09-10 23:56:00.524181]
Generation: 56 Fit: -17
Best: [28, 20, 42, 13, 49, 23, 46, 10, 5, 17, 30, 23, 47, 3, 18, 8, 7, 40, 15, 24, 35, 6, 39, 11, 45, 21, 22, 29, 9, 41, 49, 14, 7, 2, 2, 48, 31, 36, 32, 37, 1, 33, 12, 43, 44, 4, 35, 13, 34, 26]

[2023-09-10 23:56:00.576083]
Generation: 57 Fit: -16
Best: [28, 20, 42, 13, 49, 19, 46, 10, 5, 17, 30, 23, 47, 3, 18, 8, 7, 40, 15, 24, 35, 8, 39, 11, 45, 21, 22, 29, 9, 41, 49, 14, 7, 2, 2, 48, 31, 36, 32, 37, 1, 33, 12, 43, 44, 4, 35, 13, 34, 26]

[2023-09-10 23:56:01.345415]
Generation: 72 Fit: -15
Best: [28, 18, 42, 9, 49, 19, 46, 10, 5, 17, 30, 27, 47, 3, 50, 6, 7, 38, 15, 24, 43, 8, 39, 11, 45, 21, 22, 29, 9, 41, 49, 14, 7, 40, 2, 48, 31, 36, 32, 37, 2, 33, 12, 43, 44, 4, 35, 21, 34, 26]

[2023-09-10 23:56:03.124110]
Generation: 107 Fit: -14
Best: [28, 20, 42, 13, 49, 19, 46, 10, 5, 17, 30, 1, 47, 7, 50, 3, 15, 8, 47, 24, 35, 16, 39, 27, 45, 21, 22, 29, 9, 43, 17, 14, 25, 38, 2, 48, 31, 2, 32, 37, 1, 33, 12, 44, 44, 4, 35, 21, 34, 26]

[2023-09-10 23:56:05.392375]
Generation: 151 Fit: -13
Best: [28, 20, 34, 13, 49, 19, 46, 10, 5, 17, 22, 1, 39, 7, 50, 3, 15, 8, 47, 24, 35, 14, 38, 27, 45, 21, 4, 29, 9, 11, 20, 16, 25, 40, 2, 48, 31, 2, 32, 37, 1, 33, 12, 42, 44, 4, 35, 21, 34, 26]

[2023-09-10 23:56:06.474437]
Generation: 172 Fit: -12
Best: [28, 18, 46, 13, 49, 19, 46, 10, 5, 17, 22, 1, 39, 7, 50, 3, 15, 8, 47, 24, 35, 14, 40, 27, 45, 21, 4, 29, 9, 11, 20, 16, 25, 40, 2, 48, 31, 6, 32, 37, 1, 33, 12, 42, 44, 4, 35, 23, 34, 26]

[2023-09-10 23:56:07.254873]
Generation: 187 Fit: -10
Best: [28, 20, 8, 13, 49, 19, 46, 10, 5, 17, 22, 1, 39, 7, 50, 3, 15, 8, 43, 24, 35, 14, 38, 27, 45, 21, 4, 29, 9, 11, 18, 16, 25, 40, 2, 48, 31, 2, 28, 6, 1, 33, 12, 41, 44, 36, 35, 23, 34, 26]

[2023-09-10 23:56:08.200977]
Generation: 205 Fit: -9
Best: [28, 20, 8, 13, 49, 19, 46, 10, 5, 17, 22, 1, 39, 7, 50, 3, 15, 8, 47, 24, 35, 14, 38, 27, 45, 21, 4, 29, 9, 11, 18, 16, 25, 40, 2, 48, 31, 6, 42, 3, 1, 33, 12, 41, 44, 4, 35, 23, 34, 26]

[2023-09-10 23:56:19.109578]
Generation: 413 Fit: -8
Best: [28, 20, 40, 13, 49, 19, 46, 41, 5, 17, 22, 3, 39, 7, 50, 4, 15, 8, 47, 24, 35, 6, 38, 11, 45, 21, 4, 29, 9, 27, 10, 30, 25, 16, 2, 48, 31, 6, 42, 23, 1, 37, 12, 43, 44, 18, 33, 19, 34, 26]

[2023-09-10 23:56:37.557845]
Generation: 771 Fit: -7
Best: [28, 50, 40, 13, 49, 19, 38, 41, 5, 17, 22, 3, 47, 7, 50, 18, 34, 8, 45, 24, 35, 6, 46, 43, 14, 21, 4, 29, 1, 5, 9, 30, 25, 16, 2, 48, 31, 8, 42, 23, 1, 39, 12, 9, 44, 20, 33, 27, 34, 26]

[2023-09-10 23:56:43.001779]
Generation: 878 Fit: -6
Best: [28, 20, 40, 13, 49, 19, 38, 41, 15, 17, 22, 3, 47, 7, 50, 18, 34, 48, 45, 24, 35, 6, 46, 43, 14, 21, 4, 29, 1, 5, 41, 30, 25, 16, 2, 48, 31, 8, 42, 23, 1, 22, 12, 9, 44, 36, 33, 27, 36, 26]

[2023-09-10 23:56:46.958202]
Generation: 955 Fit: -5
Best: [28, 18, 40, 13, 49, 19, 38, 41, 15, 17, 22, 3, 47, 7, 50, 18, 34, 48, 45, 24, 35, 30, 46, 43, 14, 21, 4, 29, 3, 5, 41, 30, 25, 16, 2, 48, 31, 8, 42, 23, 1, 6, 12, 9, 44, 36, 33, 27, 10, 26]

[2023-09-10 23:56:49.387006]
Generation: 1003 Fit: -4
Best: [28, 20, 40, 13, 49, 19, 38, 41, 15, 17, 22, 3, 47, 7, 50, 18, 34, 48, 45, 24, 35, 10, 46, 43, 14, 21, 4, 29, 11, 5, 41, 30, 25, 8, 2, 16, 31, 8, 42, 23, 1, 6, 12, 9, 44, 36, 33, 27, 10, 26]

[2023-09-11 00:01:56.955262]
Generation: 6961 Fit: -3
Best: [18, 37, 4, 24, 3, 5, 19, 23, 6, 20, 7, 15, 39, 42, 49, 32, 46, 31, 26, 14, 48, 2, 47, 8, 12, 28, 16, 10, 38, 11, 9, 40, 24, 17, 25, 6, 41, 30, 7, 45, 34, 13, 22, 50, 21, 1, 35, 33, 44, 27]

[2023-09-11 02:55:29.266747]
Generation: 207135 Fit: -2
Best: [26, 41, 25, 17, 20, 33, 44, 29, 39, 30, 7, 46, 2, 43, 48, 6, 27, 32, 37, 6, 49, 1, 24, 9, 13, 50, 14, 37, 31, 5, 38, 36, 16, 45, 19, 10, 8, 4, 42, 35, 21, 47, 34, 11, 22, 15, 12, 18, 3, 23]

