[2023-09-11 09:29:46.070017]
W:1000000, Items: 10000
[2023-09-11 09:29:53.463083]
Generation: 1 Fit: 560406
Best: [(2969, (166057, 153379)), (3258, (49989, 46071)), (3844, (35399, 38895)), (4655, (150410, 148747)), (7610, (158551, 168263))]

[2023-09-11 09:30:02.545706]
Generation: 2 Fit: 735910
Best: [(2869, (118048, 125198)), (3241, (64657, 65459)), (4014, (146547, 149953)), (4255, (202706, 184352)), (4963, (45401, 49102)), (7610, (158551, 168263))]

[2023-09-11 09:30:11.962502]
Generation: 3 Fit: 968235
Best: [(331, (50409, 46053)), (1402, (190843, 179717)), (3841, (150314, 148492)), (4572, (128682, 131400)), (8004, (110841, 111709)), (8904, (151340, 163875)), (9510, (185806, 195361))]

[2023-09-11 09:30:21.253921]
Generation: 4 Fit: 1027135
Best: [(68, (1930, 2062)), (331, (50409, 46053)), (1402, (190843, 179717)), (2264, (212323, 196447)), (3841, (150314, 148492)), (7666, (185472, 186277)), (7682, (9225, 9855)), (8833, (31351, 29174)), (9985, (195268, 187823))]

[2023-09-11 09:31:42.097198]
Generation: 36 Fit: 1031311
Best: [(2156, (10244, 10226)), (2318, (57655, 52894)), (2615, (60381, 58271)), (2768, (97853, 90554)), (3003, (92264, 83877)), (3201, (95097, 100594)), (3256, (157794, 161064)), (3499, (2069, 2230)), (4022, (44102, 40293)), (4226, (12513, 12518)), (4762, (21993, 21924)), (5104, (88641, 81646)), (5508, (37064, 39751)), (5662, (54902, 52341)), (6828, (12186, 11467)), (6906, (83683, 78506)), (7868, (3680, 3561)), (8377, (99066, 96983)), (9722, (124, 134))]

[2023-09-11 09:31:52.977605]
Generation: 38 Fit: 1032094
Best: [(606, (103158, 96753)), (725, (6468, 6407)), (1800, (94789, 92866)), (1981, (13660, 12864)), (2156, (10244, 10226)), (2318, (57655, 52894)), (3118, (149163, 144020)), (3201, (95097, 100594)), (4759, (119453, 114107)), (6828, (12186, 11467)), (6906, (83683, 78506)), (7868, (3680, 3561)), (8377, (99066, 96983)), (9457, (183668, 169856)), (9722, (124, 134))]

[2023-09-11 19:54:07.010821]
Elapsed Time: 0D 10H 24M 20.940804481506348S
KeyboardInterrupt
