[2023-09-10 23:39:06.345992]
[2023-09-10 23:39:06.768513]
Generation: 1 Fit: -92
Best: [48, 34, 74, 13, 100, 96, 11, 42, 84, 90, 26, 60, 44, 63, 33, 41, 76, 97, 85, 35, 4, 60, 80, 66, 51, 2, 61, 55, 53, 32, 67, 84, 70, 29, 33, 9, 10, 100, 76, 91, 48, 98, 95, 5, 34, 10, 64, 53, 11, 46, 21, 61, 8, 29, 64, 41, 95, 1, 43, 12, 74, 94, 26, 30, 18, 24, 87, 4, 67, 100, 98, 96, 70, 48, 48, 47, 50, 34, 54, 21, 36, 5, 99, 62, 92, 82, 40, 19, 69, 76, 84, 13, 83, 43, 6, 16, 65, 79, 66, 14]

[2023-09-10 23:39:07.596831]
Generation: 3 Fit: -91
Best: [50, 44, 6, 95, 81, 18, 75, 83, 96, 25, 48, 4, 37, 34, 93, 84, 29, 74, 51, 4, 60, 15, 29, 98, 68, 9, 60, 10, 26, 96, 43, 19, 50, 88, 10, 55, 84, 82, 13, 11, 49, 62, 72, 53, 30, 27, 20, 36, 73, 60, 40, 68, 87, 92, 70, 46, 74, 2, 40, 78, 86, 45, 54, 91, 94, 22, 7, 69, 82, 23, 5, 99, 50, 70, 36, 36, 38, 88, 9, 89, 93, 40, 96, 6, 80, 81, 91, 55, 88, 86, 56, 47, 4, 37, 98, 53, 17, 22, 1, 72]

[2023-09-10 23:39:07.975716]
Generation: 4 Fit: -88
Best: [88, 58, 79, 45, 26, 12, 2, 98, 46, 81, 4, 7, 2, 40, 90, 27, 34, 23, 58, 33, 41, 87, 76, 62, 55, 29, 15, 96, 35, 58, 73, 63, 37, 95, 88, 10, 34, 49, 97, 57, 11, 18, 87, 52, 92, 24, 29, 46, 27, 85, 39, 29, 18, 4, 32, 61, 99, 83, 55, 72, 15, 83, 86, 100, 50, 42, 72, 37, 24, 61, 83, 8, 11, 46, 85, 98, 10, 21, 38, 74, 77, 84, 91, 85, 31, 46, 3, 51, 33, 23, 42, 72, 41, 69, 64, 76, 3, 14, 13, 12]

[2023-09-10 23:39:08.340404]
Generation: 5 Fit: -85
Best: [54, 1, 39, 8, 72, 56, 27, 84, 47, 2, 97, 38, 65, 25, 22, 72, 29, 74, 51, 4, 58, 15, 29, 98, 68, 9, 60, 10, 26, 96, 43, 19, 50, 88, 10, 55, 84, 82, 13, 11, 49, 62, 72, 53, 30, 27, 20, 36, 73, 60, 5, 92, 30, 48, 53, 62, 56, 95, 27, 96, 26, 85, 78, 99, 70, 31, 15, 14, 66, 19, 12, 66, 69, 25, 20, 76, 92, 85, 74, 57, 59, 25, 49, 39, 52, 95, 27, 75, 50, 94, 76, 61, 33, 18, 24, 86, 45, 58, 68, 79]

[2023-09-10 23:39:09.040493]
Generation: 7 Fit: -83
Best: [88, 58, 79, 45, 26, 12, 2, 98, 46, 81, 4, 7, 2, 40, 90, 27, 34, 23, 58, 33, 41, 87, 76, 62, 55, 29, 15, 96, 35, 58, 73, 63, 37, 95, 88, 10, 34, 49, 97, 57, 70, 17, 69, 32, 35, 26, 73, 60, 67, 85, 81, 85, 45, 13, 60, 87, 56, 65, 53, 28, 17, 11, 77, 46, 52, 54, 91, 97, 17, 22, 73, 96, 10, 34, 62, 95, 94, 86, 91, 7, 26, 90, 57, 30, 30, 24, 10, 59, 70, 74, 3, 27, 50, 71, 38, 94, 64, 100, 82, 72]

[2023-09-10 23:39:09.412395]
Generation: 8 Fit: -82
Best: [66, 59, 58, 73, 1, 49, 23, 27, 2, 12, 47, 100, 1, 6, 87, 25, 99, 8, 3, 55, 84, 54, 30, 98, 92, 75, 35, 46, 4, 52, 49, 92, 3, 81, 86, 46, 10, 61, 54, 40, 40, 81, 8, 46, 100, 24, 72, 74, 1, 15, 57, 56, 60, 70, 9, 21, 63, 34, 80, 31, 32, 97, 4, 75, 7, 40, 79, 13, 72, 59, 28, 94, 28, 98, 80, 38, 96, 10, 29, 14, 59, 25, 49, 7, 52, 95, 27, 75, 50, 94, 76, 61, 33, 18, 24, 86, 45, 58, 68, 79]

[2023-09-10 23:39:09.780071]
Generation: 9 Fit: -79
Best: [25, 58, 77, 90, 45, 12, 11, 83, 96, 58, 61, 56, 6, 71, 87, 66, 69, 75, 28, 75, 67, 12, 1, 50, 68, 9, 60, 10, 26, 96, 43, 19, 50, 88, 10, 55, 84, 82, 13, 11, 49, 62, 72, 53, 30, 32, 58, 77, 90, 57, 48, 72, 17, 11, 96, 24, 5, 15, 59, 34, 57, 75, 65, 12, 36, 100, 30, 84, 90, 80, 89, 34, 42, 74, 7, 93, 70, 62, 57, 72, 42, 67, 47, 27, 52, 31, 81, 79, 43, 52, 65, 46, 37, 60, 14, 85, 46, 38, 86, 4]

[2023-09-10 23:39:10.134853]
Generation: 10 Fit: -75
Best: [84, 11, 90, 45, 1, 49, 23, 27, 2, 12, 47, 100, 1, 6, 87, 25, 99, 8, 3, 55, 84, 54, 30, 98, 92, 75, 35, 46, 4, 52, 49, 92, 3, 81, 18, 46, 10, 61, 54, 40, 40, 81, 29, 22, 32, 68, 42, 94, 1, 20, 16, 56, 56, 7, 93, 17, 63, 34, 80, 23, 16, 67, 47, 95, 96, 29, 72, 96, 44, 57, 74, 25, 58, 29, 15, 11, 91, 77, 24, 6, 2, 47, 24, 76, 33, 70, 9, 96, 58, 46, 98, 40, 60, 74, 26, 28, 10, 100, 55, 5]

[2023-09-10 23:39:10.484895]
Generation: 11 Fit: -74
Best: [66, 43, 90, 45, 1, 49, 23, 27, 2, 12, 47, 100, 1, 6, 87, 25, 99, 8, 3, 55, 84, 54, 30, 98, 92, 75, 35, 46, 4, 52, 49, 92, 3, 81, 18, 46, 10, 61, 54, 40, 40, 81, 29, 22, 32, 68, 42, 94, 1, 20, 16, 56, 56, 7, 93, 17, 63, 34, 80, 23, 16, 67, 47, 95, 96, 29, 72, 96, 44, 57, 74, 25, 58, 29, 15, 11, 91, 77, 24, 6, 2, 47, 24, 76, 49, 70, 9, 96, 58, 46, 98, 40, 60, 74, 26, 28, 10, 36, 55, 5]

[2023-09-10 23:39:10.841288]
Generation: 12 Fit: -73
Best: [66, 43, 90, 45, 1, 49, 23, 27, 2, 12, 47, 100, 1, 6, 87, 89, 99, 8, 3, 55, 84, 54, 30, 98, 92, 75, 35, 46, 4, 52, 49, 92, 3, 81, 18, 46, 10, 61, 54, 8, 40, 81, 29, 22, 32, 68, 42, 94, 1, 20, 16, 56, 56, 7, 93, 17, 63, 34, 80, 23, 16, 67, 47, 95, 96, 29, 72, 96, 44, 57, 74, 25, 58, 29, 15, 11, 91, 77, 24, 6, 2, 47, 24, 76, 33, 70, 9, 96, 58, 46, 98, 40, 60, 74, 26, 28, 10, 100, 55, 5]

[2023-09-10 23:39:11.913852]
Generation: 15 Fit: -68
Best: [66, 59, 62, 73, 1, 49, 23, 27, 2, 12, 47, 100, 1, 6, 87, 89, 99, 8, 3, 55, 84, 54, 30, 98, 92, 75, 35, 46, 26, 96, 33, 92, 4, 81, 18, 46, 10, 61, 54, 8, 40, 81, 29, 22, 32, 68, 42, 94, 1, 20, 16, 56, 56, 7, 93, 17, 63, 34, 80, 23, 16, 67, 47, 95, 96, 29, 72, 96, 44, 57, 74, 89, 58, 29, 15, 11, 91, 77, 24, 6, 2, 63, 7, 33, 79, 51, 32, 100, 39, 60, 27, 17, 28, 80, 64, 76, 3, 14, 9, 12]

[2023-09-10 23:39:13.321300]
Generation: 19 Fit: -67
Best: [66, 59, 62, 73, 1, 49, 23, 27, 10, 28, 47, 100, 1, 6, 87, 89, 99, 8, 3, 55, 84, 22, 30, 98, 92, 75, 35, 46, 26, 96, 33, 92, 4, 81, 18, 46, 10, 61, 54, 8, 40, 81, 29, 22, 32, 68, 42, 94, 1, 20, 16, 56, 56, 7, 93, 17, 63, 34, 80, 23, 16, 67, 47, 95, 96, 29, 72, 96, 44, 57, 74, 89, 58, 29, 15, 11, 91, 77, 24, 6, 2, 63, 7, 33, 79, 51, 32, 100, 39, 60, 27, 17, 28, 80, 64, 76, 3, 14, 9, 12]

[2023-09-10 23:39:14.027951]
Generation: 21 Fit: -66
Best: [66, 59, 62, 73, 1, 49, 23, 27, 2, 12, 47, 100, 1, 6, 87, 91, 99, 8, 3, 55, 84, 54, 30, 98, 92, 75, 36, 10, 26, 96, 61, 92, 4, 81, 18, 46, 10, 61, 54, 8, 40, 81, 29, 22, 32, 68, 42, 94, 1, 20, 16, 56, 56, 7, 93, 17, 63, 34, 80, 23, 16, 67, 47, 95, 32, 29, 72, 96, 44, 57, 74, 89, 58, 29, 15, 11, 91, 77, 24, 6, 66, 63, 8, 33, 79, 51, 32, 100, 39, 60, 27, 17, 25, 18, 24, 86, 45, 58, 68, 79]

[2023-09-10 23:39:15.091456]
Generation: 24 Fit: -65
Best: [66, 59, 62, 73, 1, 49, 23, 27, 2, 12, 47, 100, 1, 5, 87, 91, 67, 8, 3, 55, 84, 54, 30, 98, 92, 75, 36, 10, 26, 96, 33, 92, 4, 81, 18, 46, 10, 61, 54, 8, 40, 81, 29, 22, 32, 68, 42, 94, 1, 20, 16, 56, 56, 7, 93, 17, 63, 34, 72, 24, 26, 85, 80, 95, 31, 29, 72, 96, 44, 57, 74, 9, 58, 29, 15, 12, 12, 56, 53, 77, 42, 67, 47, 27, 52, 31, 81, 79, 11, 52, 65, 38, 37, 60, 14, 85, 46, 43, 70, 44]

[2023-09-10 23:39:15.443532]
Generation: 25 Fit: -61
Best: [66, 59, 62, 73, 1, 49, 23, 27, 2, 12, 47, 100, 1, 6, 87, 91, 99, 8, 3, 55, 84, 54, 30, 98, 92, 75, 36, 10, 26, 96, 33, 92, 4, 81, 18, 46, 10, 61, 54, 8, 40, 81, 29, 22, 32, 68, 42, 94, 1, 20, 16, 56, 56, 7, 93, 17, 63, 34, 72, 24, 26, 85, 80, 95, 31, 29, 88, 96, 44, 57, 74, 9, 58, 29, 15, 12, 12, 56, 53, 77, 42, 67, 48, 27, 52, 31, 81, 79, 11, 52, 65, 38, 37, 60, 14, 85, 46, 43, 70, 44]

[2023-09-10 23:39:17.216074]
Generation: 30 Fit: -58
Best: [66, 59, 90, 41, 1, 49, 23, 27, 2, 12, 47, 100, 1, 5, 87, 25, 99, 8, 67, 55, 84, 54, 30, 98, 92, 75, 35, 46, 4, 96, 61, 92, 4, 81, 18, 46, 10, 61, 54, 40, 40, 83, 29, 22, 24, 68, 42, 94, 1, 20, 48, 56, 56, 7, 93, 17, 63, 34, 80, 19, 16, 67, 47, 95, 96, 29, 4, 96, 44, 57, 74, 89, 58, 93, 15, 11, 91, 77, 20, 6, 2, 63, 7, 33, 71, 51, 32, 100, 39, 60, 27, 17, 28, 80, 60, 76, 3, 14, 9, 12]

[2023-09-10 23:39:17.578341]
Generation: 31 Fit: -56
Best: [65, 43, 90, 45, 35, 49, 23, 28, 2, 12, 47, 100, 2, 5, 87, 25, 99, 8, 67, 55, 84, 54, 30, 98, 90, 75, 35, 46, 26, 96, 33, 92, 4, 81, 18, 48, 10, 53, 54, 8, 40, 81, 29, 22, 32, 68, 42, 94, 1, 20, 48, 56, 56, 7, 93, 17, 63, 34, 80, 19, 16, 67, 47, 95, 32, 29, 72, 96, 44, 57, 74, 89, 58, 93, 15, 11, 91, 77, 20, 6, 2, 63, 7, 33, 71, 51, 25, 79, 11, 52, 65, 38, 5, 60, 14, 85, 46, 43, 70, 44]

[2023-09-10 23:39:18.293644]
Generation: 33 Fit: -53
Best: [66, 59, 62, 73, 1, 49, 23, 27, 2, 12, 47, 100, 1, 6, 87, 89, 99, 8, 3, 55, 84, 54, 30, 98, 92, 75, 36, 10, 26, 96, 61, 92, 4, 81, 18, 46, 10, 29, 54, 40, 40, 83, 29, 22, 24, 68, 42, 94, 1, 20, 48, 56, 56, 7, 93, 17, 63, 34, 80, 19, 16, 67, 47, 95, 32, 29, 88, 96, 44, 57, 74, 89, 58, 93, 15, 11, 91, 77, 20, 6, 2, 63, 7, 33, 71, 51, 25, 79, 11, 52, 65, 38, 37, 60, 14, 85, 46, 43, 70, 44]

[2023-09-10 23:39:18.662267]
Generation: 34 Fit: -50
Best: [66, 59, 90, 41, 1, 49, 23, 27, 2, 12, 47, 100, 1, 6, 87, 25, 99, 8, 71, 55, 84, 62, 30, 98, 92, 75, 36, 10, 26, 96, 61, 92, 4, 81, 18, 46, 10, 13, 54, 40, 40, 83, 29, 22, 24, 68, 42, 94, 1, 20, 48, 56, 56, 7, 93, 17, 63, 34, 80, 19, 16, 67, 47, 95, 32, 29, 88, 96, 44, 57, 74, 89, 58, 93, 15, 11, 91, 77, 20, 6, 2, 63, 7, 33, 71, 51, 25, 79, 11, 52, 65, 38, 37, 60, 14, 85, 46, 43, 70, 44]

[2023-09-10 23:39:22.920994]
Generation: 46 Fit: -49
Best: [66, 59, 62, 74, 1, 51, 21, 27, 4, 12, 47, 99, 1, 6, 87, 91, 35, 8, 67, 55, 84, 54, 30, 98, 92, 75, 36, 10, 26, 96, 57, 92, 12, 81, 18, 46, 10, 61, 54, 8, 39, 85, 29, 22, 24, 68, 42, 94, 5, 20, 15, 56, 53, 7, 93, 17, 63, 33, 80, 19, 16, 67, 47, 95, 32, 29, 88, 96, 44, 57, 74, 89, 58, 93, 15, 43, 91, 77, 20, 6, 2, 64, 7, 33, 71, 35, 25, 79, 11, 52, 65, 34, 37, 60, 14, 85, 46, 43, 70, 36]

[2023-09-10 23:39:23.976946]
Generation: 49 Fit: -48
Best: [66, 59, 62, 74, 1, 51, 21, 27, 2, 12, 47, 99, 1, 6, 87, 91, 35, 8, 67, 55, 84, 54, 30, 98, 92, 75, 60, 10, 26, 96, 61, 92, 4, 81, 18, 46, 10, 61, 54, 40, 39, 85, 29, 22, 24, 68, 42, 94, 5, 20, 15, 56, 53, 7, 93, 17, 63, 33, 80, 19, 16, 67, 47, 95, 32, 29, 88, 96, 44, 57, 74, 89, 58, 93, 15, 44, 76, 56, 53, 77, 2, 64, 7, 33, 69, 51, 32, 100, 39, 52, 65, 38, 37, 60, 64, 76, 3, 14, 75, 8]

[2023-09-10 23:39:25.044072]
Generation: 52 Fit: -47
Best: [66, 59, 62, 73, 3, 49, 23, 27, 2, 12, 47, 100, 1, 6, 87, 91, 35, 8, 71, 55, 84, 54, 30, 98, 92, 75, 36, 10, 26, 96, 61, 92, 12, 81, 18, 46, 10, 29, 54, 40, 40, 83, 31, 22, 24, 68, 42, 94, 1, 20, 48, 56, 56, 7, 93, 17, 63, 34, 80, 19, 16, 67, 47, 95, 32, 29, 72, 28, 44, 57, 74, 89, 58, 93, 15, 11, 91, 77, 21, 77, 2, 64, 7, 33, 69, 55, 32, 100, 39, 52, 65, 38, 5, 58, 14, 85, 46, 43, 70, 44]

[2023-09-10 23:39:26.463931]
Generation: 56 Fit: -46
Best: [66, 59, 62, 73, 3, 51, 21, 27, 2, 12, 47, 99, 1, 6, 87, 91, 35, 8, 67, 55, 84, 54, 30, 98, 92, 75, 36, 10, 26, 96, 61, 92, 12, 81, 18, 46, 10, 29, 54, 40, 40, 83, 31, 22, 24, 68, 42, 93, 1, 20, 48, 56, 56, 7, 93, 17, 63, 34, 80, 19, 16, 75, 47, 95, 32, 29, 72, 28, 44, 57, 74, 89, 58, 93, 15, 11, 91, 77, 24, 38, 82, 64, 7, 33, 71, 35, 25, 15, 11, 52, 65, 38, 5, 60, 14, 85, 62, 43, 70, 44]

[2023-09-10 23:39:26.822280]
Generation: 57 Fit: -45
Best: [66, 59, 62, 74, 1, 49, 23, 25, 2, 12, 47, 100, 1, 6, 87, 27, 99, 8, 67, 55, 84, 54, 30, 98, 92, 75, 36, 10, 26, 80, 61, 92, 12, 81, 18, 46, 10, 29, 54, 40, 40, 83, 31, 22, 24, 68, 42, 94, 9, 20, 48, 56, 56, 7, 93, 17, 63, 34, 96, 19, 16, 67, 43, 95, 32, 29, 4, 96, 44, 57, 74, 89, 58, 93, 15, 11, 91, 77, 24, 38, 82, 64, 7, 33, 69, 51, 32, 100, 39, 52, 65, 38, 37, 60, 64, 76, 3, 14, 75, 8]

[2023-09-10 23:39:27.181605]
Generation: 58 Fit: -44
Best: [66, 59, 90, 41, 3, 49, 23, 27, 2, 12, 47, 100, 1, 6, 87, 91, 35, 8, 67, 55, 84, 54, 30, 98, 92, 75, 52, 10, 26, 80, 61, 92, 4, 81, 18, 46, 10, 61, 54, 48, 40, 83, 29, 22, 24, 68, 42, 94, 1, 20, 47, 56, 53, 7, 93, 17, 63, 34, 80, 19, 16, 67, 43, 95, 32, 29, 4, 96, 44, 57, 74, 89, 58, 93, 15, 75, 91, 77, 24, 38, 82, 64, 7, 33, 71, 99, 25, 79, 11, 52, 65, 38, 5, 60, 14, 85, 46, 57, 70, 44]

[2023-09-10 23:39:27.905952]
Generation: 60 Fit: -41
Best: [82, 59, 90, 41, 1, 49, 23, 27, 2, 12, 47, 100, 65, 5, 87, 91, 35, 8, 67, 55, 84, 54, 62, 98, 92, 75, 36, 10, 26, 80, 61, 92, 12, 81, 18, 46, 10, 29, 54, 40, 40, 83, 31, 22, 24, 68, 42, 94, 9, 20, 48, 56, 56, 7, 93, 17, 63, 34, 80, 19, 16, 67, 43, 95, 32, 29, 4, 96, 44, 57, 74, 89, 58, 85, 15, 11, 91, 77, 88, 38, 82, 64, 7, 33, 69, 51, 32, 100, 39, 52, 65, 38, 37, 60, 14, 85, 14, 43, 70, 36]

[2023-09-10 23:39:29.638830]
Generation: 65 Fit: -40
Best: [82, 59, 90, 41, 1, 49, 23, 27, 2, 12, 47, 100, 65, 5, 87, 91, 35, 8, 67, 55, 84, 54, 62, 98, 92, 75, 36, 10, 26, 80, 61, 92, 12, 81, 18, 46, 10, 30, 54, 40, 40, 83, 31, 22, 24, 68, 42, 78, 9, 20, 48, 56, 56, 7, 93, 17, 63, 34, 80, 19, 16, 67, 43, 95, 32, 29, 4, 96, 44, 57, 74, 89, 58, 85, 15, 11, 91, 77, 88, 38, 82, 64, 7, 38, 69, 51, 32, 100, 39, 52, 65, 38, 37, 60, 14, 85, 6, 43, 70, 36]

[2023-09-10 23:39:31.781144]
Generation: 71 Fit: -37
Best: [66, 59, 62, 73, 1, 50, 23, 25, 2, 12, 47, 100, 65, 5, 87, 91, 35, 8, 67, 55, 84, 54, 62, 98, 92, 75, 36, 10, 26, 80, 61, 92, 12, 81, 18, 46, 10, 94, 54, 40, 40, 83, 31, 22, 24, 68, 42, 78, 9, 20, 48, 56, 56, 7, 93, 17, 63, 34, 80, 19, 16, 67, 43, 95, 32, 29, 4, 96, 44, 57, 74, 89, 58, 85, 15, 11, 91, 77, 88, 38, 82, 64, 7, 33, 71, 51, 32, 100, 39, 52, 65, 38, 37, 60, 14, 85, 6, 43, 70, 36]

[2023-09-10 23:39:38.085317]
Generation: 89 Fit: -35
Best: [82, 59, 61, 65, 1, 49, 23, 27, 2, 4, 45, 99, 97, 5, 87, 91, 35, 8, 67, 55, 84, 54, 62, 98, 92, 75, 36, 9, 26, 80, 61, 92, 11, 81, 18, 46, 10, 94, 54, 40, 40, 83, 31, 22, 24, 68, 42, 78, 9, 20, 48, 56, 55, 3, 93, 17, 63, 34, 80, 19, 16, 67, 43, 95, 32, 29, 4, 96, 44, 57, 74, 89, 58, 85, 15, 11, 27, 77, 88, 38, 82, 64, 15, 33, 69, 51, 32, 100, 7, 52, 65, 38, 37, 60, 14, 85, 6, 43, 70, 36]

[2023-09-10 23:39:38.439947]
Generation: 90 Fit: -34
Best: [82, 59, 90, 41, 1, 49, 23, 27, 2, 12, 77, 100, 65, 5, 87, 91, 35, 8, 67, 55, 84, 54, 62, 98, 92, 75, 36, 26, 30, 80, 61, 92, 11, 81, 18, 46, 10, 94, 54, 40, 40, 83, 31, 22, 24, 68, 42, 78, 9, 20, 48, 56, 56, 7, 93, 17, 63, 34, 80, 19, 16, 99, 43, 95, 32, 29, 4, 96, 44, 57, 74, 89, 58, 85, 15, 11, 91, 77, 88, 38, 82, 64, 8, 33, 3, 51, 32, 100, 39, 52, 65, 38, 37, 60, 14, 85, 6, 59, 70, 36]

[2023-09-10 23:39:40.213133]
Generation: 95 Fit: -33
Best: [66, 59, 62, 90, 1, 49, 24, 27, 2, 4, 45, 99, 65, 5, 87, 91, 35, 8, 67, 53, 84, 54, 62, 98, 92, 75, 36, 26, 30, 80, 61, 92, 11, 81, 18, 46, 10, 94, 54, 40, 40, 83, 31, 22, 24, 68, 42, 78, 9, 20, 48, 56, 55, 3, 93, 17, 63, 2, 80, 19, 16, 67, 43, 95, 32, 29, 4, 96, 44, 57, 74, 89, 58, 17, 15, 11, 91, 77, 88, 38, 82, 64, 7, 33, 69, 51, 32, 100, 7, 52, 67, 6, 37, 60, 14, 85, 6, 43, 70, 36]

[2023-09-10 23:39:40.925692]
Generation: 97 Fit: -32
Best: [66, 59, 62, 90, 1, 49, 24, 27, 2, 4, 45, 99, 65, 5, 87, 91, 35, 8, 67, 53, 84, 54, 62, 98, 92, 75, 36, 26, 30, 80, 61, 92, 75, 81, 18, 46, 10, 94, 54, 40, 40, 83, 31, 22, 24, 68, 42, 78, 9, 20, 48, 56, 56, 7, 93, 17, 63, 34, 80, 19, 16, 67, 43, 95, 32, 29, 4, 96, 44, 57, 73, 89, 58, 17, 15, 11, 91, 77, 88, 38, 82, 64, 7, 33, 71, 51, 32, 100, 39, 52, 65, 6, 37, 60, 14, 85, 6, 43, 70, 36]

[2023-09-10 23:39:41.278298]
Generation: 98 Fit: -31
Best: [66, 59, 62, 74, 1, 49, 23, 27, 2, 12, 45, 99, 65, 5, 87, 91, 35, 8, 67, 53, 84, 54, 62, 98, 92, 75, 36, 26, 30, 80, 61, 92, 11, 81, 18, 46, 10, 94, 54, 48, 40, 83, 31, 22, 24, 68, 42, 78, 9, 20, 48, 56, 56, 7, 93, 17, 63, 34, 80, 19, 16, 67, 43, 95, 32, 29, 4, 96, 44, 57, 73, 89, 58, 17, 15, 11, 91, 77, 88, 38, 82, 64, 7, 33, 71, 51, 32, 100, 39, 52, 65, 6, 37, 60, 14, 85, 6, 43, 70, 36]

[2023-09-10 23:39:46.708169]
Generation: 113 Fit: -30
Best: [66, 59, 62, 90, 1, 49, 23, 27, 2, 12, 45, 99, 65, 5, 87, 27, 35, 8, 67, 55, 84, 54, 62, 98, 92, 75, 36, 26, 30, 80, 61, 92, 12, 81, 18, 46, 10, 94, 54, 40, 40, 83, 31, 22, 24, 68, 42, 78, 9, 20, 48, 56, 56, 7, 93, 17, 63, 34, 80, 19, 16, 99, 43, 95, 32, 29, 4, 96, 44, 57, 73, 89, 58, 17, 15, 11, 91, 77, 88, 38, 82, 64, 16, 33, 71, 51, 32, 100, 39, 52, 65, 6, 37, 60, 14, 85, 6, 43, 70, 36]

[2023-09-10 23:39:49.837714]
Generation: 122 Fit: -29
Best: [66, 59, 62, 74, 1, 49, 23, 27, 2, 12, 45, 99, 65, 5, 87, 91, 35, 8, 67, 53, 84, 54, 62, 98, 92, 75, 36, 26, 30, 80, 25, 76, 4, 81, 18, 46, 10, 94, 54, 40, 40, 83, 31, 22, 24, 68, 42, 78, 9, 20, 48, 56, 64, 37, 93, 17, 63, 34, 80, 19, 16, 67, 43, 95, 32, 29, 4, 96, 44, 57, 73, 89, 58, 17, 13, 11, 91, 77, 88, 38, 82, 64, 15, 41, 69, 51, 32, 100, 39, 52, 65, 6, 37, 60, 14, 85, 6, 47, 70, 36]

[2023-09-10 23:39:50.960722]
Generation: 125 Fit: -28
Best: [66, 59, 62, 74, 1, 49, 23, 27, 2, 12, 45, 99, 65, 5, 87, 91, 35, 8, 67, 53, 84, 54, 62, 98, 92, 75, 36, 26, 30, 80, 25, 76, 4, 81, 18, 46, 10, 94, 54, 40, 48, 83, 31, 22, 24, 68, 42, 78, 9, 83, 48, 20, 56, 7, 93, 17, 63, 34, 80, 19, 16, 67, 43, 95, 32, 29, 4, 96, 44, 57, 73, 89, 58, 17, 13, 11, 91, 77, 88, 38, 82, 64, 15, 41, 69, 51, 32, 100, 39, 52, 65, 6, 37, 59, 14, 85, 6, 47, 70, 36]

[2023-09-10 23:39:51.668045]
Generation: 127 Fit: -27
Best: [66, 59, 62, 74, 1, 49, 23, 27, 2, 12, 45, 3, 65, 5, 87, 27, 35, 8, 67, 55, 84, 54, 62, 98, 92, 75, 36, 26, 30, 80, 25, 76, 4, 81, 18, 46, 10, 94, 54, 40, 48, 83, 31, 22, 24, 68, 42, 78, 9, 83, 48, 20, 56, 7, 93, 17, 63, 34, 80, 19, 16, 67, 43, 95, 32, 29, 4, 96, 44, 57, 73, 89, 58, 17, 13, 11, 91, 77, 88, 38, 82, 64, 15, 41, 69, 51, 32, 100, 39, 52, 65, 6, 37, 59, 14, 85, 6, 47, 70, 36]

[2023-09-10 23:39:55.595176]
Generation: 138 Fit: -26
Best: [66, 59, 62, 74, 1, 49, 23, 28, 2, 12, 45, 99, 65, 5, 87, 27, 35, 8, 67, 55, 84, 54, 62, 98, 92, 75, 36, 26, 30, 80, 25, 76, 4, 81, 18, 46, 10, 94, 54, 40, 48, 83, 31, 22, 24, 68, 42, 78, 9, 83, 48, 20, 56, 7, 93, 17, 63, 34, 80, 19, 16, 67, 43, 95, 32, 29, 4, 96, 44, 57, 73, 89, 58, 17, 29, 11, 91, 77, 88, 38, 82, 64, 15, 41, 69, 51, 32, 100, 39, 52, 65, 6, 37, 59, 14, 85, 6, 47, 70, 36]

[2023-09-10 23:39:55.952163]
Generation: 139 Fit: -25
Best: [66, 59, 62, 74, 1, 49, 23, 27, 2, 12, 45, 99, 97, 5, 87, 27, 35, 8, 67, 55, 84, 54, 62, 98, 92, 75, 36, 26, 30, 80, 25, 76, 4, 81, 18, 46, 10, 94, 54, 40, 48, 83, 31, 22, 24, 68, 42, 78, 9, 83, 48, 20, 56, 7, 93, 17, 63, 34, 80, 19, 16, 67, 43, 95, 32, 29, 4, 96, 44, 57, 73, 89, 58, 17, 13, 11, 91, 77, 88, 38, 82, 64, 15, 41, 69, 51, 32, 100, 39, 52, 65, 70, 37, 59, 14, 85, 6, 47, 70, 36]

[2023-09-10 23:39:57.030644]
Generation: 142 Fit: -24
Best: [66, 59, 62, 74, 1, 49, 23, 27, 2, 12, 45, 99, 97, 5, 87, 27, 35, 8, 67, 55, 84, 54, 62, 98, 92, 75, 36, 26, 30, 80, 25, 76, 4, 81, 18, 46, 10, 94, 54, 40, 48, 83, 31, 22, 24, 68, 42, 78, 9, 83, 48, 20, 56, 7, 93, 17, 63, 34, 80, 19, 16, 67, 43, 95, 32, 29, 4, 96, 44, 57, 73, 89, 58, 17, 13, 11, 91, 77, 88, 38, 82, 64, 15, 41, 71, 51, 32, 100, 39, 52, 65, 6, 37, 60, 14, 85, 6, 47, 70, 36]

[2023-09-10 23:40:03.489979]
Generation: 160 Fit: -22
Best: [66, 59, 61, 74, 1, 49, 23, 27, 2, 12, 37, 99, 97, 5, 87, 27, 35, 8, 67, 55, 84, 54, 62, 98, 92, 75, 35, 26, 30, 80, 25, 76, 4, 81, 18, 46, 10, 94, 54, 40, 40, 83, 31, 22, 24, 68, 42, 78, 9, 83, 48, 20, 56, 7, 93, 17, 63, 34, 80, 19, 16, 67, 43, 95, 32, 29, 4, 96, 44, 57, 73, 89, 58, 17, 13, 11, 91, 77, 88, 38, 82, 64, 15, 41, 69, 51, 31, 100, 39, 52, 65, 6, 45, 60, 14, 85, 6, 47, 70, 36]

[2023-09-10 23:40:12.795237]
Generation: 186 Fit: -21
Best: [66, 59, 61, 74, 1, 49, 23, 27, 2, 12, 37, 99, 97, 5, 87, 27, 35, 8, 71, 55, 84, 54, 62, 98, 92, 75, 35, 26, 30, 80, 25, 76, 4, 81, 18, 46, 10, 94, 54, 40, 40, 23, 31, 22, 24, 68, 42, 78, 9, 83, 48, 20, 56, 7, 93, 17, 63, 50, 80, 19, 16, 67, 43, 95, 32, 29, 4, 96, 44, 57, 73, 89, 58, 17, 13, 11, 91, 77, 88, 38, 82, 64, 15, 41, 69, 51, 32, 100, 39, 52, 65, 6, 37, 41, 14, 85, 6, 47, 70, 36]

[2023-09-10 23:40:14.579935]
Generation: 191 Fit: -20
Best: [66, 59, 61, 74, 1, 49, 23, 27, 2, 12, 37, 99, 97, 5, 87, 27, 35, 8, 71, 55, 84, 54, 62, 98, 92, 75, 35, 26, 30, 80, 25, 76, 4, 81, 18, 46, 10, 94, 54, 40, 40, 23, 31, 22, 24, 68, 42, 78, 9, 83, 48, 20, 56, 7, 93, 17, 63, 34, 80, 19, 16, 67, 43, 95, 32, 29, 4, 96, 44, 57, 73, 89, 58, 17, 13, 11, 91, 77, 88, 38, 82, 64, 15, 41, 69, 51, 32, 100, 39, 52, 65, 6, 37, 41, 14, 85, 6, 47, 70, 36]

[2023-09-10 23:40:20.323015]
Generation: 207 Fit: -18
Best: [66, 59, 61, 74, 1, 49, 23, 27, 2, 12, 37, 99, 97, 5, 87, 27, 35, 8, 71, 55, 84, 54, 62, 98, 92, 75, 35, 26, 30, 80, 25, 76, 4, 81, 18, 46, 10, 94, 54, 40, 40, 23, 31, 22, 24, 68, 42, 78, 9, 83, 48, 20, 56, 7, 93, 17, 63, 34, 79, 19, 16, 67, 43, 95, 92, 29, 4, 96, 44, 57, 73, 89, 58, 17, 13, 11, 91, 77, 88, 38, 82, 64, 11, 41, 69, 51, 32, 100, 39, 52, 65, 6, 37, 45, 14, 85, 38, 47, 70, 36]

[2023-09-10 23:40:44.650995]
Generation: 276 Fit: -17
Best: [66, 63, 61, 74, 1, 49, 23, 27, 1, 12, 37, 99, 97, 5, 87, 27, 35, 8, 71, 55, 84, 54, 62, 98, 92, 75, 35, 26, 30, 2, 25, 76, 3, 82, 18, 46, 10, 94, 54, 40, 8, 92, 31, 22, 24, 68, 42, 78, 9, 83, 48, 20, 56, 7, 93, 17, 63, 34, 79, 19, 16, 67, 43, 95, 32, 29, 4, 96, 44, 57, 73, 89, 50, 17, 13, 11, 91, 77, 88, 38, 82, 64, 3, 41, 69, 51, 28, 100, 39, 52, 65, 6, 37, 41, 14, 85, 6, 47, 70, 36]

[2023-09-10 23:40:52.804397]
Generation: 299 Fit: -16
Best: [66, 63, 61, 74, 1, 49, 23, 27, 2, 76, 37, 99, 97, 5, 87, 27, 33, 8, 71, 55, 84, 54, 62, 98, 92, 75, 35, 26, 30, 66, 25, 76, 3, 81, 18, 46, 10, 94, 54, 40, 80, 92, 31, 22, 24, 68, 42, 78, 9, 83, 48, 20, 56, 7, 93, 17, 63, 34, 79, 19, 16, 67, 43, 95, 32, 29, 4, 96, 44, 57, 73, 89, 50, 17, 13, 11, 91, 69, 86, 38, 90, 64, 11, 41, 77, 51, 32, 100, 39, 52, 65, 6, 37, 41, 14, 85, 6, 47, 70, 36]

[2023-09-10 23:40:57.710932]
Generation: 313 Fit: -15
Best: [66, 59, 61, 74, 1, 49, 23, 27, 2, 76, 37, 99, 97, 5, 87, 27, 33, 8, 87, 55, 84, 54, 62, 98, 92, 75, 35, 26, 30, 82, 25, 76, 3, 81, 18, 46, 10, 94, 54, 40, 80, 28, 31, 22, 24, 68, 42, 78, 9, 83, 48, 20, 56, 7, 93, 17, 63, 34, 79, 19, 16, 67, 43, 95, 32, 29, 4, 96, 44, 57, 73, 89, 50, 17, 13, 11, 91, 69, 86, 38, 90, 64, 11, 41, 77, 51, 32, 100, 39, 52, 65, 6, 37, 45, 14, 85, 6, 47, 70, 36]

[2023-09-10 23:41:08.791945]
Generation: 345 Fit: -14
Best: [66, 63, 61, 74, 1, 49, 23, 27, 2, 28, 37, 99, 97, 5, 87, 27, 3, 8, 71, 55, 84, 54, 58, 98, 92, 75, 35, 26, 30, 82, 25, 76, 3, 81, 18, 46, 10, 94, 62, 40, 80, 92, 31, 22, 24, 68, 42, 78, 9, 83, 48, 20, 56, 7, 93, 17, 63, 34, 79, 19, 16, 67, 43, 95, 32, 29, 4, 96, 44, 57, 73, 89, 50, 17, 13, 11, 91, 69, 86, 38, 90, 64, 11, 41, 77, 51, 32, 100, 39, 52, 65, 6, 37, 45, 14, 85, 6, 47, 70, 36]

[2023-09-10 23:41:29.141412]
Generation: 403 Fit: -13
Best: [66, 55, 61, 74, 1, 49, 23, 59, 2, 28, 37, 99, 97, 5, 87, 27, 3, 8, 3, 19, 84, 54, 58, 98, 92, 75, 35, 26, 30, 82, 25, 76, 12, 81, 18, 46, 10, 94, 54, 40, 80, 92, 31, 22, 24, 68, 42, 78, 9, 83, 48, 20, 56, 7, 93, 17, 63, 34, 79, 19, 16, 67, 43, 95, 32, 29, 4, 96, 44, 57, 73, 89, 50, 17, 13, 11, 91, 5, 86, 38, 90, 64, 15, 41, 77, 51, 32, 100, 39, 52, 65, 38, 37, 45, 14, 85, 6, 47, 70, 36]

[2023-09-10 23:41:30.557540]
Generation: 407 Fit: -12
Best: [66, 55, 61, 74, 1, 49, 23, 59, 2, 28, 37, 99, 97, 5, 87, 27, 3, 8, 3, 19, 84, 62, 58, 98, 92, 75, 35, 26, 30, 82, 25, 76, 12, 81, 18, 46, 10, 94, 54, 40, 80, 92, 31, 22, 24, 68, 42, 78, 9, 83, 48, 20, 56, 7, 93, 17, 63, 34, 79, 19, 16, 67, 43, 95, 32, 29, 4, 96, 44, 57, 73, 89, 50, 17, 13, 11, 91, 69, 86, 38, 90, 64, 15, 41, 77, 51, 32, 100, 39, 52, 65, 38, 37, 45, 14, 85, 6, 47, 70, 36]

[2023-09-10 23:42:03.505940]
Generation: 500 Fit: -11
Best: [66, 55, 61, 74, 1, 49, 23, 59, 2, 28, 37, 99, 97, 5, 87, 27, 3, 8, 71, 19, 84, 62, 58, 98, 92, 75, 35, 26, 30, 82, 25, 76, 12, 81, 18, 46, 10, 94, 54, 40, 80, 92, 31, 22, 24, 68, 42, 78, 9, 83, 48, 20, 56, 7, 93, 17, 63, 34, 79, 19, 16, 67, 43, 95, 32, 29, 4, 96, 44, 57, 73, 89, 50, 17, 13, 11, 91, 5, 86, 38, 90, 64, 15, 41, 77, 51, 20, 100, 39, 52, 65, 38, 1, 45, 14, 85, 6, 47, 70, 36]

[2023-09-10 23:45:34.201758]
Generation: 1103 Fit: -10
Best: [99, 55, 61, 74, 65, 49, 23, 59, 66, 28, 37, 100, 97, 69, 87, 27, 3, 24, 71, 19, 84, 62, 58, 98, 92, 75, 35, 26, 30, 14, 25, 76, 12, 81, 18, 46, 10, 86, 54, 40, 80, 92, 31, 22, 87, 68, 42, 78, 9, 83, 48, 88, 56, 7, 93, 17, 63, 34, 79, 19, 16, 67, 43, 77, 32, 94, 4, 95, 44, 57, 5, 89, 50, 21, 29, 11, 91, 8, 86, 38, 90, 64, 15, 41, 77, 51, 20, 100, 39, 60, 65, 38, 1, 45, 16, 85, 6, 47, 70, 52]

[2023-09-10 23:45:40.552059]
Generation: 1121 Fit: -9
Best: [99, 55, 61, 74, 1, 49, 23, 59, 82, 28, 37, 100, 97, 69, 87, 27, 3, 24, 71, 19, 84, 62, 58, 98, 92, 75, 35, 26, 30, 14, 25, 76, 12, 81, 18, 46, 10, 86, 54, 40, 80, 92, 31, 22, 87, 68, 42, 78, 9, 83, 48, 88, 56, 7, 93, 17, 63, 34, 79, 3, 16, 67, 43, 77, 32, 94, 4, 95, 44, 57, 5, 89, 50, 21, 29, 11, 91, 8, 86, 38, 90, 64, 15, 41, 77, 51, 20, 100, 39, 60, 65, 2, 33, 45, 13, 85, 6, 47, 70, 52]

[2023-09-10 23:50:50.465336]
Generation: 2013 Fit: -8
Best: [34, 55, 61, 74, 65, 49, 23, 59, 66, 28, 37, 99, 97, 69, 87, 27, 3, 22, 71, 19, 84, 62, 58, 98, 92, 75, 35, 26, 30, 14, 25, 76, 12, 81, 18, 46, 10, 86, 54, 40, 80, 96, 31, 8, 23, 68, 42, 78, 73, 82, 48, 88, 56, 7, 93, 17, 63, 2, 79, 83, 80, 1, 43, 89, 32, 94, 4, 95, 44, 57, 5, 93, 50, 21, 29, 11, 91, 16, 72, 6, 90, 64, 15, 41, 77, 51, 20, 100, 39, 60, 67, 52, 1, 45, 13, 85, 38, 47, 70, 36]

[2023-09-10 23:51:02.705703]
Generation: 2048 Fit: -7
Best: [34, 55, 61, 74, 65, 49, 23, 59, 66, 28, 37, 99, 97, 69, 87, 27, 3, 22, 71, 19, 84, 62, 58, 98, 92, 75, 35, 26, 30, 14, 25, 76, 12, 81, 18, 46, 10, 86, 54, 40, 80, 96, 31, 8, 24, 68, 42, 78, 73, 82, 48, 88, 56, 7, 93, 17, 63, 2, 79, 83, 80, 1, 43, 89, 32, 94, 4, 95, 44, 57, 5, 89, 50, 21, 29, 11, 91, 16, 72, 6, 90, 64, 15, 41, 77, 51, 20, 100, 39, 60, 67, 52, 9, 45, 13, 85, 38, 47, 70, 36]

[2023-09-10 23:52:20.896706]
Generation: 2271 Fit: -6
Best: [34, 55, 61, 74, 65, 49, 23, 59, 66, 28, 37, 99, 97, 69, 87, 27, 3, 22, 71, 19, 84, 62, 58, 98, 92, 75, 35, 26, 30, 14, 25, 76, 12, 81, 18, 46, 42, 86, 54, 40, 78, 88, 31, 8, 23, 68, 42, 10, 73, 82, 48, 20, 56, 7, 93, 17, 63, 2, 79, 83, 80, 1, 43, 89, 32, 94, 4, 95, 44, 57, 5, 89, 50, 21, 29, 11, 91, 16, 72, 6, 90, 64, 15, 41, 77, 51, 20, 100, 39, 60, 67, 52, 33, 45, 9, 85, 38, 47, 70, 36]

[2023-09-11 00:01:56.375702]
Generation: 3920 Fit: -5
Best: [34, 55, 61, 74, 65, 13, 23, 59, 66, 28, 37, 99, 97, 69, 87, 96, 3, 22, 71, 19, 84, 62, 58, 98, 92, 75, 35, 90, 30, 14, 27, 76, 12, 81, 18, 46, 10, 86, 54, 40, 78, 88, 31, 8, 88, 68, 42, 2, 73, 82, 48, 20, 56, 7, 85, 17, 63, 2, 79, 83, 80, 1, 43, 93, 32, 94, 12, 95, 44, 57, 5, 89, 50, 26, 21, 11, 91, 16, 72, 6, 86, 64, 15, 41, 77, 51, 4, 100, 39, 60, 67, 52, 33, 45, 9, 25, 38, 47, 70, 36]

[2023-09-11 00:15:43.316267]
Generation: 6262 Fit: -4
Best: [34, 55, 61, 92, 65, 33, 23, 59, 98, 28, 37, 3, 97, 69, 87, 95, 19, 22, 71, 51, 84, 62, 58, 13, 96, 75, 35, 90, 30, 14, 25, 76, 44, 81, 18, 46, 10, 74, 54, 40, 78, 88, 31, 6, 24, 68, 42, 38, 73, 82, 48, 20, 56, 7, 93, 19, 63, 2, 79, 83, 80, 1, 43, 85, 32, 94, 12, 27, 44, 57, 5, 89, 50, 26, 17, 11, 91, 16, 72, 8, 86, 64, 15, 41, 77, 51, 4, 100, 39, 60, 67, 52, 49, 45, 9, 21, 38, 47, 70, 36]

