[2023-09-11 00:52:04.893889]
W:31181, Items: 19
[2023-09-11 00:52:04.896208]
Generation: 1 Fit: 1.2667409160517888
Best: [0, 0, 1, 0, 0, 0, 0, 0, 1, 0, 1, 1, 0, 0, 0, 1, 0, 1, 0]

[2023-09-11 00:52:04.898380]
Generation: 2 Fit: 1.5593444793908293
Best: [0, 1, 1, 0, 0, 0, 0, 0, 1, 0, 1, 1, 0, 0, 0, 1, 0, 1, 0]

[2023-09-11 00:52:07.505749]
Generation: 1358 Fit: 17.84737678855326
Best: [1, 0, 0, 0, 1, 0, 1, 1, 1, 1, 1, 1, 0, 0, 0, 0, 1, 0, 0]

[2023-09-11 00:52:07.505864]
V:11226 W:30552
Items:
[(0, (1945, 4990)), (4, (1107, 3114)), (6, (1101, 3102)), (7, (2890, 7280)), (8, (962, 2624)), (9, (1060, 3020)), (10, (805, 2310)), (11, (689, 2078)), (16, (667, 2034))]

{'[1, 0, 0, 0, 1, 0, 1, 1, 1, 1, 1, 1, 0, 0, 0, 0, 1, 0, 0]'}
[2023-09-11 00:52:07.505918]
Elapsed Time: 0D 0H 0M 2.6120293140411377S
