[2023-09-10 23:56:02.923850]
[2023-09-10 23:56:03.344820]
Generation: 1 Fit: -92
Best: [22, 100, 89, 80, 93, 20, 79, 17, 81, 60, 44, 29, 83, 73, 7, 77, 95, 65, 31, 94, 21, 8, 19, 33, 16, 92, 59, 35, 76, 60, 38, 26, 88, 15, 66, 29, 90, 5, 85, 36, 12, 30, 25, 87, 63, 68, 68, 57, 11, 10, 94, 40, 80, 32, 20, 34, 17, 75, 87, 22, 99, 74, 67, 27, 29, 84, 99, 70, 48, 6, 78, 12, 45, 85, 53, 46, 19, 49, 82, 99, 48, 49, 60, 50, 70, 58, 95, 59, 54, 78, 63, 67, 1, 9, 9, 67, 89, 47, 2, 41]

[2023-09-10 23:56:03.764706]
Generation: 2 Fit: -91
Best: [32, 96, 64, 58, 43, 31, 58, 79, 78, 40, 13, 83, 4, 22, 31, 9, 37, 42, 92, 98, 61, 44, 20, 28, 7, 65, 71, 95, 35, 63, 32, 87, 65, 33, 84, 100, 65, 17, 11, 7, 41, 19, 72, 62, 40, 14, 46, 93, 9, 49, 63, 65, 91, 89, 79, 90, 23, 87, 18, 10, 45, 28, 6, 44, 69, 9, 37, 100, 51, 21, 11, 96, 75, 2, 63, 27, 92, 8, 61, 52, 94, 97, 21, 46, 2, 35, 64, 27, 24, 13, 1, 30, 42, 25, 68, 25, 14, 61, 78, 47]

[2023-09-10 23:56:04.192505]
Generation: 3 Fit: -88
Best: [95, 68, 42, 17, 74, 67, 9, 40, 71, 58, 32, 40, 2, 24, 12, 5, 89, 26, 66, 95, 53, 99, 45, 59, 25, 83, 28, 100, 35, 39, 55, 97, 79, 90, 40, 28, 13, 96, 27, 13, 80, 31, 56, 21, 33, 99, 11, 33, 14, 69, 96, 31, 49, 98, 67, 81, 4, 52, 48, 38, 74, 55, 48, 50, 68, 59, 57, 91, 17, 68, 43, 97, 22, 78, 13, 92, 55, 58, 83, 29, 8, 47, 93, 86, 6, 97, 80, 10, 62, 90, 76, 79, 8, 4, 64, 76, 5, 31, 24, 16]

[2023-09-10 23:56:05.302075]
Generation: 6 Fit: -81
Best: [73, 7, 90, 82, 63, 12, 97, 93, 90, 2, 7, 23, 31, 14, 17, 67, 55, 45, 4, 4, 89, 56, 48, 15, 76, 88, 50, 52, 58, 24, 85, 70, 82, 75, 22, 98, 26, 38, 7, 63, 32, 94, 38, 99, 87, 79, 75, 11, 41, 77, 15, 46, 87, 22, 100, 51, 30, 6, 49, 81, 70, 94, 60, 20, 88, 92, 24, 27, 98, 15, 32, 92, 92, 39, 97, 14, 17, 18, 1, 36, 54, 46, 47, 61, 8, 78, 95, 18, 13, 61, 28, 68, 63, 79, 52, 93, 45, 88, 25, 38]

[2023-09-10 23:56:07.038811]
Generation: 11 Fit: -80
Best: [22, 100, 89, 80, 94, 20, 79, 17, 81, 60, 44, 29, 83, 73, 15, 58, 37, 42, 92, 98, 61, 44, 20, 28, 71, 65, 79, 79, 35, 63, 32, 87, 65, 38, 38, 85, 63, 100, 27, 24, 82, 72, 2, 19, 41, 6, 45, 80, 26, 39, 23, 64, 100, 68, 70, 17, 30, 87, 8, 28, 69, 88, 93, 84, 77, 19, 69, 18, 11, 81, 11, 95, 79, 65, 26, 74, 56, 3, 13, 16, 52, 51, 27, 60, 83, 38, 33, 26, 13, 61, 81, 43, 21, 82, 59, 9, 91, 10, 96, 99]

[2023-09-10 23:56:08.118809]
Generation: 14 Fit: -79
Best: [32, 25, 33, 83, 53, 62, 49, 5, 57, 84, 24, 14, 80, 43, 2, 65, 56, 58, 47, 26, 88, 81, 36, 97, 16, 92, 27, 35, 75, 39, 55, 97, 79, 90, 40, 28, 13, 96, 17, 13, 80, 31, 54, 99, 87, 79, 75, 11, 42, 17, 71, 30, 87, 22, 100, 51, 30, 6, 49, 81, 70, 94, 52, 20, 77, 19, 69, 18, 11, 83, 59, 95, 79, 65, 26, 74, 56, 3, 13, 16, 52, 51, 27, 60, 83, 38, 33, 26, 13, 61, 81, 43, 21, 82, 59, 9, 91, 10, 96, 99]

[2023-09-10 23:56:08.470371]
Generation: 15 Fit: -75
Best: [8, 12, 1, 56, 45, 70, 60, 47, 67, 7, 36, 11, 4, 32, 41, 54, 18, 91, 23, 94, 43, 84, 94, 87, 59, 37, 58, 49, 41, 19, 56, 97, 79, 93, 16, 98, 57, 31, 100, 24, 82, 72, 2, 19, 41, 6, 45, 80, 26, 39, 23, 64, 100, 68, 70, 17, 30, 87, 8, 28, 69, 88, 93, 84, 79, 19, 69, 18, 11, 36, 7, 33, 22, 78, 13, 92, 55, 58, 83, 67, 62, 98, 38, 80, 74, 55, 79, 5, 62, 8, 77, 68, 65, 61, 90, 57, 43, 50, 9, 10]

[2023-09-10 23:56:08.822814]
Generation: 16 Fit: -74
Best: [8, 10, 3, 56, 45, 70, 60, 47, 67, 7, 36, 11, 4, 32, 41, 54, 18, 91, 23, 94, 43, 84, 94, 87, 59, 37, 58, 49, 41, 19, 56, 97, 79, 93, 16, 98, 57, 31, 100, 24, 82, 72, 2, 19, 33, 6, 45, 80, 26, 39, 23, 64, 100, 68, 70, 17, 30, 87, 8, 28, 69, 88, 93, 84, 79, 19, 69, 18, 11, 36, 7, 33, 22, 78, 13, 92, 55, 58, 83, 67, 62, 98, 38, 80, 74, 55, 79, 5, 62, 8, 77, 68, 65, 61, 90, 57, 43, 50, 9, 10]

[2023-09-10 23:56:09.176528]
Generation: 17 Fit: -72
Best: [8, 12, 3, 56, 45, 70, 60, 47, 67, 7, 36, 11, 4, 32, 41, 54, 18, 91, 23, 94, 43, 84, 94, 87, 59, 37, 58, 49, 41, 19, 56, 97, 79, 93, 16, 98, 57, 31, 100, 24, 82, 72, 2, 19, 33, 6, 45, 80, 26, 39, 23, 64, 100, 68, 70, 17, 30, 87, 8, 28, 69, 88, 93, 84, 79, 19, 69, 18, 11, 36, 7, 33, 22, 78, 13, 92, 55, 58, 83, 67, 62, 98, 38, 80, 74, 55, 79, 5, 62, 8, 77, 68, 65, 61, 90, 57, 43, 50, 9, 10]

[2023-09-10 23:56:10.243354]
Generation: 20 Fit: -71
Best: [74, 12, 1, 56, 45, 70, 60, 47, 67, 7, 36, 11, 4, 32, 41, 54, 18, 91, 23, 94, 43, 84, 94, 87, 59, 37, 58, 49, 41, 19, 56, 97, 79, 93, 16, 98, 57, 31, 100, 24, 82, 72, 2, 19, 33, 6, 45, 80, 26, 39, 23, 64, 100, 68, 70, 17, 30, 87, 8, 28, 69, 88, 93, 84, 79, 19, 69, 18, 11, 36, 7, 33, 22, 78, 29, 92, 55, 3, 52, 67, 62, 98, 38, 80, 74, 55, 79, 5, 62, 8, 77, 68, 73, 61, 90, 57, 43, 50, 9, 38]

[2023-09-10 23:56:10.628819]
Generation: 21 Fit: -68
Best: [25, 55, 97, 56, 45, 70, 60, 47, 65, 7, 36, 11, 4, 32, 41, 54, 18, 91, 23, 94, 43, 84, 94, 87, 59, 37, 58, 49, 41, 19, 56, 97, 79, 93, 16, 98, 57, 31, 100, 24, 82, 72, 2, 19, 33, 6, 45, 80, 26, 39, 23, 64, 100, 68, 70, 17, 30, 87, 8, 28, 69, 88, 93, 84, 79, 19, 69, 18, 11, 36, 7, 33, 22, 78, 29, 92, 55, 3, 52, 67, 62, 98, 38, 80, 74, 55, 79, 5, 62, 8, 77, 68, 73, 61, 90, 21, 43, 50, 9, 38]

[2023-09-10 23:56:11.731787]
Generation: 24 Fit: -67
Best: [25, 55, 97, 56, 45, 70, 60, 47, 65, 7, 36, 12, 4, 32, 41, 54, 18, 91, 23, 94, 43, 84, 94, 87, 59, 37, 58, 49, 41, 19, 56, 97, 79, 93, 16, 98, 57, 31, 100, 24, 82, 72, 2, 19, 33, 6, 45, 80, 26, 39, 23, 64, 100, 68, 70, 17, 30, 87, 8, 28, 69, 88, 93, 84, 79, 19, 69, 18, 11, 36, 7, 33, 22, 78, 29, 92, 55, 3, 52, 67, 62, 98, 38, 80, 74, 55, 79, 5, 62, 8, 77, 68, 73, 61, 90, 21, 43, 50, 9, 38]

[2023-09-10 23:56:12.095625]
Generation: 25 Fit: -65
Best: [25, 55, 97, 56, 45, 70, 60, 47, 65, 7, 36, 11, 4, 32, 41, 54, 18, 91, 23, 94, 43, 84, 94, 87, 59, 37, 58, 49, 41, 19, 56, 97, 79, 93, 16, 98, 60, 31, 100, 24, 82, 72, 2, 19, 33, 6, 45, 80, 30, 39, 23, 64, 9, 36, 70, 17, 30, 87, 8, 28, 69, 88, 93, 84, 79, 17, 69, 18, 11, 83, 7, 46, 76, 67, 26, 42, 56, 3, 52, 67, 62, 98, 38, 12, 74, 55, 79, 5, 62, 8, 77, 68, 65, 61, 90, 57, 43, 50, 9, 10]

[2023-09-10 23:56:12.459240]
Generation: 26 Fit: -62
Best: [7, 12, 1, 56, 45, 70, 60, 47, 67, 15, 36, 11, 4, 32, 41, 54, 18, 91, 23, 94, 43, 84, 94, 87, 59, 37, 58, 49, 41, 19, 56, 97, 79, 93, 16, 100, 57, 31, 100, 24, 82, 72, 2, 19, 33, 6, 45, 80, 26, 4, 71, 11, 29, 36, 70, 17, 30, 87, 8, 28, 69, 88, 93, 84, 79, 19, 69, 18, 11, 83, 39, 46, 76, 68, 26, 42, 56, 3, 52, 67, 64, 98, 38, 80, 74, 55, 75, 5, 62, 8, 77, 76, 65, 61, 90, 21, 43, 50, 9, 38]

[2023-09-10 23:56:14.578147]
Generation: 32 Fit: -61
Best: [25, 55, 97, 56, 45, 70, 60, 47, 65, 15, 36, 11, 4, 32, 41, 54, 18, 91, 23, 96, 44, 81, 36, 66, 16, 92, 58, 49, 42, 19, 63, 97, 79, 93, 16, 98, 57, 31, 100, 24, 82, 72, 2, 19, 33, 6, 45, 80, 26, 7, 23, 64, 100, 68, 70, 17, 30, 87, 8, 28, 69, 88, 93, 84, 79, 19, 69, 18, 11, 83, 39, 46, 76, 68, 26, 42, 56, 3, 52, 67, 64, 98, 38, 80, 74, 55, 75, 5, 62, 8, 77, 76, 65, 61, 90, 21, 43, 50, 9, 10]

[2023-09-10 23:56:14.934256]
Generation: 33 Fit: -60
Best: [25, 55, 97, 56, 45, 70, 60, 47, 65, 15, 36, 11, 4, 32, 41, 54, 18, 91, 23, 96, 44, 81, 36, 66, 16, 92, 58, 49, 42, 19, 63, 97, 79, 93, 16, 98, 57, 31, 100, 24, 82, 72, 2, 19, 33, 6, 45, 72, 26, 7, 23, 64, 100, 68, 70, 17, 30, 87, 8, 28, 69, 88, 93, 84, 79, 19, 69, 18, 11, 83, 39, 46, 76, 68, 26, 42, 56, 3, 52, 67, 64, 98, 38, 80, 74, 55, 75, 5, 62, 8, 77, 76, 65, 61, 90, 21, 43, 50, 9, 38]

[2023-09-10 23:56:15.287233]
Generation: 34 Fit: -59
Best: [25, 55, 13, 56, 45, 70, 60, 47, 65, 15, 36, 11, 4, 32, 41, 54, 18, 91, 23, 94, 11, 84, 94, 87, 59, 37, 62, 49, 41, 19, 56, 97, 79, 93, 16, 98, 41, 31, 100, 24, 82, 72, 2, 51, 33, 6, 45, 79, 26, 4, 71, 12, 13, 36, 70, 17, 22, 87, 8, 28, 69, 88, 93, 84, 79, 19, 69, 18, 11, 83, 39, 46, 76, 68, 26, 42, 56, 3, 52, 67, 64, 98, 38, 80, 74, 55, 79, 5, 62, 8, 77, 68, 73, 61, 90, 21, 43, 50, 9, 38]

[2023-09-10 23:56:15.643239]
Generation: 35 Fit: -58
Best: [61, 52, 97, 20, 45, 70, 58, 47, 67, 15, 40, 11, 4, 32, 41, 54, 18, 91, 23, 94, 11, 82, 93, 87, 59, 37, 62, 49, 41, 27, 56, 97, 79, 93, 16, 98, 59, 31, 4, 24, 82, 72, 2, 19, 33, 6, 45, 12, 26, 4, 71, 12, 29, 36, 70, 17, 30, 87, 32, 28, 69, 88, 93, 84, 9, 19, 69, 18, 11, 84, 39, 46, 76, 99, 26, 42, 56, 3, 52, 83, 64, 98, 38, 80, 74, 55, 79, 5, 26, 8, 77, 68, 65, 61, 90, 57, 43, 50, 9, 38]

[2023-09-10 23:56:15.994040]
Generation: 36 Fit: -55
Best: [25, 55, 97, 20, 45, 70, 58, 47, 67, 15, 40, 11, 4, 32, 41, 54, 18, 91, 23, 94, 11, 82, 93, 87, 59, 37, 62, 49, 41, 27, 56, 97, 79, 93, 16, 98, 59, 31, 4, 24, 82, 72, 2, 19, 33, 6, 45, 12, 26, 4, 71, 12, 29, 36, 70, 17, 30, 87, 32, 28, 69, 88, 93, 84, 9, 19, 69, 18, 11, 84, 39, 46, 76, 99, 26, 42, 56, 3, 52, 83, 64, 98, 38, 80, 74, 55, 79, 5, 28, 8, 77, 100, 65, 61, 90, 57, 43, 50, 9, 38]

[2023-09-10 23:56:17.062437]
Generation: 39 Fit: -52
Best: [25, 55, 97, 56, 45, 70, 60, 47, 65, 15, 36, 11, 20, 32, 41, 54, 18, 91, 23, 96, 44, 81, 36, 66, 16, 92, 58, 49, 42, 51, 63, 97, 79, 93, 16, 98, 59, 31, 4, 24, 82, 72, 2, 19, 33, 6, 45, 12, 26, 4, 71, 12, 29, 36, 70, 17, 30, 87, 32, 28, 69, 88, 93, 84, 79, 19, 69, 18, 11, 83, 39, 46, 76, 68, 26, 42, 56, 3, 52, 67, 64, 98, 38, 80, 74, 55, 79, 5, 46, 8, 77, 68, 73, 61, 90, 21, 43, 34, 9, 38]

[2023-09-10 23:56:18.116529]
Generation: 42 Fit: -51
Best: [25, 51, 97, 56, 45, 70, 60, 47, 65, 15, 36, 11, 4, 32, 41, 54, 18, 91, 24, 94, 44, 84, 94, 83, 59, 37, 58, 49, 41, 27, 55, 97, 79, 77, 16, 14, 60, 31, 100, 88, 82, 72, 2, 19, 33, 10, 45, 80, 26, 4, 71, 12, 22, 36, 70, 17, 30, 87, 8, 28, 69, 88, 93, 84, 79, 19, 69, 18, 11, 83, 39, 46, 76, 68, 26, 42, 56, 3, 52, 67, 64, 98, 38, 80, 74, 55, 75, 5, 62, 8, 77, 92, 65, 61, 90, 21, 43, 50, 9, 38]

[2023-09-10 23:56:18.853369]
Generation: 44 Fit: -50
Best: [25, 51, 97, 56, 45, 70, 60, 47, 65, 15, 36, 11, 4, 32, 41, 54, 18, 91, 24, 94, 44, 84, 94, 83, 59, 37, 58, 49, 41, 19, 63, 97, 79, 93, 16, 6, 57, 31, 100, 24, 82, 72, 2, 19, 33, 6, 45, 80, 26, 4, 71, 12, 29, 36, 70, 17, 30, 87, 8, 28, 69, 88, 93, 68, 79, 19, 69, 18, 75, 83, 39, 46, 76, 67, 26, 42, 20, 3, 52, 67, 62, 98, 38, 80, 74, 55, 79, 5, 46, 8, 77, 92, 65, 61, 90, 21, 43, 50, 9, 38]

[2023-09-10 23:56:19.552011]
Generation: 46 Fit: -48
Best: [25, 19, 97, 56, 45, 70, 60, 47, 65, 15, 36, 11, 4, 32, 41, 54, 18, 91, 24, 94, 44, 84, 90, 83, 59, 37, 58, 49, 41, 27, 55, 97, 79, 77, 16, 14, 57, 31, 100, 24, 82, 72, 2, 19, 33, 6, 45, 80, 26, 4, 71, 12, 29, 36, 70, 17, 30, 87, 8, 28, 69, 88, 93, 68, 79, 19, 69, 18, 75, 83, 39, 46, 76, 67, 26, 42, 20, 3, 52, 67, 62, 98, 38, 80, 74, 55, 79, 5, 46, 8, 77, 92, 65, 61, 90, 21, 43, 50, 9, 38]

[2023-09-10 23:56:20.630035]
Generation: 49 Fit: -47
Best: [25, 51, 97, 56, 45, 70, 60, 47, 65, 15, 36, 11, 20, 32, 41, 54, 18, 91, 24, 94, 44, 84, 94, 87, 59, 37, 58, 49, 42, 51, 63, 97, 79, 93, 16, 98, 57, 31, 100, 24, 82, 72, 2, 19, 33, 6, 45, 80, 26, 4, 71, 12, 29, 36, 70, 17, 30, 87, 8, 28, 69, 88, 93, 68, 79, 23, 69, 18, 75, 83, 39, 46, 76, 68, 26, 42, 20, 1, 52, 67, 64, 98, 54, 80, 74, 55, 95, 5, 62, 8, 77, 68, 73, 61, 90, 21, 43, 50, 13, 38]

[2023-09-10 23:56:20.984318]
Generation: 50 Fit: -46
Best: [25, 51, 97, 56, 45, 70, 60, 47, 65, 15, 36, 11, 20, 32, 41, 54, 18, 91, 24, 94, 44, 84, 94, 87, 59, 37, 58, 49, 42, 51, 63, 97, 79, 93, 16, 98, 57, 31, 100, 24, 82, 72, 2, 19, 33, 6, 45, 80, 26, 4, 71, 12, 29, 36, 70, 17, 30, 87, 8, 28, 69, 88, 93, 68, 79, 23, 69, 18, 75, 83, 39, 46, 76, 68, 26, 42, 20, 1, 52, 67, 64, 98, 54, 80, 74, 55, 95, 5, 62, 8, 77, 68, 73, 61, 90, 21, 43, 50, 9, 38]

[2023-09-10 23:56:22.398990]
Generation: 54 Fit: -45
Best: [25, 51, 97, 56, 45, 70, 60, 47, 65, 15, 36, 11, 68, 32, 41, 54, 18, 91, 24, 94, 44, 84, 90, 83, 59, 37, 58, 49, 41, 27, 55, 97, 79, 77, 16, 14, 57, 31, 100, 24, 82, 72, 2, 19, 33, 6, 45, 80, 26, 4, 7, 12, 29, 36, 70, 17, 30, 87, 8, 28, 69, 88, 94, 68, 79, 23, 69, 18, 75, 83, 39, 46, 76, 68, 26, 42, 20, 1, 52, 67, 64, 98, 54, 80, 74, 55, 95, 5, 62, 8, 77, 68, 73, 61, 90, 21, 43, 50, 9, 38]

[2023-09-10 23:56:24.155705]
Generation: 59 Fit: -44
Best: [25, 51, 97, 56, 45, 70, 60, 47, 65, 15, 36, 11, 68, 32, 41, 54, 18, 91, 24, 94, 44, 84, 90, 83, 59, 37, 58, 49, 41, 27, 55, 97, 79, 77, 16, 14, 57, 31, 100, 24, 82, 72, 2, 19, 33, 6, 45, 80, 26, 4, 7, 12, 29, 36, 70, 17, 30, 87, 8, 28, 69, 88, 93, 72, 79, 19, 85, 18, 75, 83, 39, 62, 76, 68, 26, 42, 56, 3, 52, 67, 64, 98, 38, 80, 74, 55, 79, 5, 46, 8, 77, 92, 65, 61, 90, 21, 43, 50, 9, 38]

[2023-09-10 23:56:24.510106]
Generation: 60 Fit: -43
Best: [25, 51, 97, 56, 45, 70, 60, 47, 65, 15, 36, 11, 68, 32, 57, 54, 18, 91, 24, 94, 44, 84, 90, 83, 59, 37, 58, 49, 41, 27, 55, 97, 79, 77, 16, 14, 57, 31, 100, 24, 82, 72, 2, 19, 33, 6, 45, 80, 26, 4, 7, 12, 29, 36, 70, 17, 30, 87, 8, 28, 69, 88, 93, 72, 79, 19, 85, 18, 75, 83, 39, 62, 76, 68, 26, 42, 56, 3, 52, 67, 64, 98, 38, 80, 74, 55, 79, 5, 46, 8, 77, 92, 65, 61, 90, 21, 43, 50, 9, 38]

[2023-09-10 23:56:25.913627]
Generation: 64 Fit: -41
Best: [25, 51, 97, 56, 45, 70, 60, 47, 65, 15, 36, 11, 20, 32, 43, 54, 18, 91, 24, 94, 44, 84, 90, 81, 59, 37, 58, 49, 41, 27, 55, 97, 79, 77, 16, 14, 57, 31, 100, 24, 82, 71, 2, 19, 33, 6, 45, 80, 26, 4, 71, 10, 29, 36, 70, 17, 30, 87, 8, 28, 69, 88, 93, 72, 79, 19, 85, 18, 75, 83, 39, 62, 76, 68, 25, 42, 56, 3, 52, 67, 64, 98, 38, 80, 74, 55, 79, 5, 46, 8, 77, 92, 65, 61, 90, 21, 43, 50, 9, 38]

[2023-09-10 23:56:28.377463]
Generation: 71 Fit: -39
Best: [25, 51, 97, 64, 45, 70, 60, 47, 65, 15, 36, 11, 20, 32, 43, 54, 18, 91, 23, 94, 44, 84, 90, 81, 59, 37, 58, 49, 41, 27, 55, 97, 79, 77, 16, 14, 60, 31, 100, 86, 82, 72, 2, 19, 33, 6, 13, 80, 26, 4, 71, 10, 29, 36, 70, 17, 30, 87, 24, 28, 5, 88, 93, 68, 79, 23, 69, 18, 75, 83, 39, 46, 76, 68, 26, 44, 56, 1, 52, 67, 62, 98, 38, 80, 74, 55, 95, 5, 26, 8, 77, 68, 73, 61, 94, 21, 43, 50, 9, 38]

[2023-09-10 23:56:29.417529]
Generation: 74 Fit: -37
Best: [25, 51, 97, 56, 45, 70, 60, 47, 65, 15, 36, 11, 20, 32, 43, 54, 18, 91, 24, 94, 44, 84, 90, 81, 59, 37, 58, 49, 41, 27, 55, 97, 79, 77, 16, 14, 57, 31, 100, 88, 82, 72, 2, 19, 33, 6, 45, 80, 26, 4, 71, 10, 29, 36, 69, 17, 30, 87, 8, 28, 5, 88, 93, 68, 79, 19, 69, 18, 75, 83, 39, 62, 76, 68, 26, 42, 20, 1, 52, 67, 64, 98, 53, 80, 74, 55, 95, 5, 46, 8, 77, 92, 73, 61, 90, 21, 43, 34, 9, 38]

[2023-09-10 23:56:31.201582]
Generation: 79 Fit: -35
Best: [25, 51, 99, 56, 45, 70, 60, 47, 65, 15, 36, 11, 20, 32, 43, 54, 18, 91, 23, 94, 44, 84, 90, 81, 59, 37, 58, 49, 41, 27, 55, 97, 95, 77, 16, 14, 57, 31, 100, 24, 82, 88, 2, 27, 33, 6, 45, 79, 26, 4, 7, 10, 29, 36, 72, 17, 30, 87, 7, 28, 69, 88, 93, 4, 79, 19, 69, 22, 11, 83, 39, 62, 76, 68, 25, 42, 56, 3, 52, 67, 64, 98, 38, 80, 74, 55, 79, 5, 46, 8, 77, 92, 73, 61, 90, 21, 43, 50, 9, 38]

[2023-09-10 23:56:33.659353]
Generation: 86 Fit: -32
Best: [25, 51, 97, 40, 45, 66, 60, 47, 65, 15, 36, 11, 20, 32, 43, 54, 18, 91, 24, 94, 44, 84, 90, 83, 59, 37, 58, 49, 41, 27, 55, 97, 79, 77, 16, 14, 57, 31, 100, 24, 82, 88, 2, 27, 33, 6, 45, 80, 26, 4, 71, 10, 29, 36, 70, 17, 30, 87, 7, 28, 5, 88, 93, 68, 79, 19, 69, 22, 11, 83, 39, 62, 76, 68, 26, 42, 56, 1, 52, 67, 64, 98, 22, 80, 74, 55, 95, 5, 46, 8, 77, 92, 73, 61, 90, 21, 43, 50, 9, 38]

[2023-09-10 23:56:38.562850]
Generation: 100 Fit: -31
Best: [25, 51, 99, 56, 45, 66, 60, 47, 65, 15, 36, 11, 20, 32, 43, 54, 18, 95, 24, 94, 44, 84, 96, 15, 59, 37, 58, 49, 41, 27, 55, 97, 79, 77, 16, 14, 57, 31, 100, 24, 82, 84, 2, 27, 33, 6, 45, 80, 26, 4, 71, 10, 29, 36, 70, 17, 30, 87, 7, 28, 5, 88, 93, 68, 79, 19, 69, 20, 11, 83, 39, 62, 76, 68, 26, 42, 56, 1, 52, 67, 64, 98, 22, 80, 74, 55, 95, 5, 46, 8, 77, 92, 73, 61, 90, 21, 43, 50, 9, 38]

[2023-09-10 23:56:40.272108]
Generation: 105 Fit: -30
Best: [25, 35, 99, 56, 45, 66, 60, 47, 65, 15, 34, 9, 20, 32, 43, 54, 18, 91, 23, 94, 44, 84, 90, 81, 59, 37, 58, 49, 41, 27, 55, 97, 79, 69, 48, 14, 57, 31, 100, 24, 82, 16, 2, 27, 33, 6, 45, 80, 26, 4, 71, 10, 29, 36, 70, 17, 30, 87, 8, 28, 5, 88, 93, 4, 79, 19, 69, 22, 11, 83, 39, 62, 76, 68, 26, 42, 56, 1, 51, 67, 62, 98, 38, 80, 74, 55, 95, 5, 46, 8, 77, 92, 73, 61, 90, 21, 43, 50, 9, 38]

[2023-09-10 23:56:40.619933]
Generation: 106 Fit: -28
Best: [25, 51, 99, 56, 45, 66, 52, 47, 65, 15, 36, 11, 20, 32, 43, 54, 18, 91, 23, 94, 44, 84, 90, 81, 59, 37, 58, 49, 41, 27, 55, 97, 79, 69, 48, 14, 57, 31, 100, 24, 82, 16, 2, 27, 33, 6, 45, 80, 26, 4, 71, 10, 29, 36, 70, 17, 30, 87, 8, 28, 5, 88, 93, 4, 79, 19, 69, 22, 11, 83, 39, 62, 76, 68, 26, 42, 56, 1, 51, 67, 62, 98, 38, 80, 74, 55, 95, 5, 46, 8, 77, 92, 73, 61, 90, 21, 43, 50, 9, 38]

[2023-09-10 23:56:52.458359]
Generation: 140 Fit: -27
Best: [25, 51, 99, 56, 15, 98, 60, 47, 65, 15, 100, 11, 20, 32, 43, 54, 18, 91, 23, 94, 44, 84, 90, 81, 59, 37, 58, 13, 41, 27, 53, 97, 79, 78, 16, 14, 57, 31, 100, 24, 82, 96, 2, 27, 33, 6, 45, 80, 26, 4, 71, 10, 29, 36, 70, 17, 30, 87, 8, 28, 5, 88, 93, 4, 79, 19, 69, 52, 75, 83, 39, 62, 76, 68, 26, 42, 56, 1, 51, 67, 64, 98, 22, 80, 74, 55, 95, 1, 46, 8, 77, 92, 73, 61, 90, 21, 43, 50, 9, 38]

[2023-09-10 23:56:57.388706]
Generation: 154 Fit: -26
Best: [25, 51, 99, 56, 15, 66, 52, 47, 65, 15, 100, 11, 20, 32, 43, 54, 18, 91, 23, 94, 44, 84, 90, 81, 59, 37, 58, 13, 41, 27, 53, 97, 79, 78, 16, 14, 57, 31, 100, 24, 82, 95, 2, 27, 33, 6, 45, 80, 26, 4, 71, 10, 29, 36, 70, 17, 30, 87, 8, 28, 5, 88, 93, 4, 71, 19, 69, 52, 75, 83, 39, 62, 76, 68, 26, 42, 56, 1, 35, 67, 64, 98, 22, 76, 74, 55, 95, 7, 46, 8, 77, 92, 73, 61, 90, 21, 43, 50, 9, 38]

[2023-09-10 23:57:04.680813]
Generation: 175 Fit: -25
Best: [25, 51, 99, 56, 15, 66, 52, 47, 65, 15, 100, 11, 20, 32, 43, 54, 18, 91, 23, 94, 44, 84, 90, 81, 59, 37, 58, 13, 41, 27, 53, 97, 79, 78, 16, 14, 57, 31, 98, 24, 82, 96, 2, 91, 33, 6, 45, 80, 26, 4, 71, 10, 29, 36, 70, 17, 30, 87, 24, 28, 5, 88, 93, 4, 79, 19, 69, 52, 75, 83, 39, 62, 76, 68, 26, 42, 39, 1, 51, 67, 64, 98, 22, 12, 74, 55, 95, 5, 46, 8, 77, 92, 73, 61, 90, 21, 43, 50, 9, 38]

[2023-09-10 23:57:05.038524]
Generation: 176 Fit: -24
Best: [25, 51, 99, 56, 7, 66, 60, 48, 65, 15, 100, 11, 20, 32, 43, 54, 18, 91, 23, 94, 44, 84, 90, 81, 59, 37, 58, 13, 41, 27, 53, 97, 79, 78, 16, 14, 57, 31, 98, 24, 82, 96, 2, 91, 33, 6, 45, 80, 26, 4, 71, 10, 29, 36, 70, 17, 30, 87, 24, 28, 5, 88, 93, 4, 79, 19, 69, 52, 75, 83, 39, 62, 76, 68, 26, 42, 39, 1, 51, 67, 64, 98, 22, 12, 74, 55, 95, 5, 46, 8, 77, 92, 73, 61, 90, 21, 43, 50, 9, 38]

[2023-09-10 23:57:13.396305]
Generation: 200 Fit: -23
Best: [25, 51, 99, 56, 15, 66, 60, 47, 65, 15, 100, 11, 20, 32, 43, 54, 18, 91, 23, 94, 44, 84, 90, 81, 59, 37, 58, 13, 41, 27, 3, 97, 79, 78, 16, 14, 57, 31, 98, 24, 82, 96, 2, 91, 33, 6, 45, 80, 26, 4, 71, 10, 29, 36, 70, 17, 30, 87, 24, 28, 5, 88, 93, 4, 95, 87, 69, 52, 75, 83, 39, 62, 76, 68, 26, 42, 39, 1, 35, 67, 64, 98, 22, 12, 74, 55, 95, 7, 46, 8, 77, 92, 73, 61, 90, 21, 43, 34, 9, 38]

[2023-09-10 23:57:15.159867]
Generation: 205 Fit: -22
Best: [25, 51, 99, 56, 15, 66, 60, 47, 65, 79, 100, 11, 20, 32, 43, 54, 18, 91, 23, 94, 44, 84, 90, 81, 59, 37, 58, 13, 41, 27, 3, 97, 79, 78, 16, 14, 57, 31, 98, 24, 82, 96, 2, 91, 33, 6, 45, 80, 26, 4, 71, 10, 29, 36, 70, 17, 30, 85, 24, 28, 5, 88, 93, 4, 95, 87, 69, 52, 75, 83, 39, 62, 76, 68, 26, 42, 39, 1, 49, 67, 64, 98, 22, 12, 74, 55, 95, 5, 46, 40, 77, 92, 73, 61, 90, 21, 43, 50, 9, 38]

[2023-09-10 23:57:23.786273]
Generation: 230 Fit: -21
Best: [25, 35, 99, 56, 15, 66, 60, 47, 65, 15, 100, 11, 20, 32, 7, 54, 18, 91, 23, 78, 44, 84, 90, 81, 59, 37, 58, 13, 41, 27, 53, 97, 79, 78, 16, 14, 57, 31, 100, 31, 82, 96, 2, 89, 33, 6, 45, 80, 26, 4, 71, 10, 29, 36, 70, 17, 30, 87, 24, 28, 5, 88, 93, 4, 79, 3, 69, 52, 75, 83, 39, 62, 76, 68, 26, 42, 48, 1, 51, 67, 64, 98, 22, 12, 74, 55, 95, 5, 46, 8, 77, 92, 73, 61, 90, 21, 43, 50, 9, 38]

[2023-09-10 23:57:29.160905]
Generation: 245 Fit: -20
Best: [25, 35, 99, 56, 15, 66, 60, 47, 65, 15, 100, 11, 20, 32, 43, 54, 18, 91, 23, 94, 44, 84, 90, 81, 59, 37, 58, 13, 41, 27, 7, 97, 75, 78, 16, 14, 57, 31, 100, 31, 82, 96, 2, 89, 33, 6, 45, 80, 26, 4, 71, 10, 29, 36, 70, 17, 30, 87, 24, 28, 5, 88, 93, 4, 79, 3, 69, 52, 75, 83, 39, 62, 76, 68, 2, 42, 48, 1, 51, 67, 64, 98, 22, 12, 74, 55, 95, 5, 46, 8, 77, 92, 73, 61, 90, 21, 43, 50, 9, 38]

[2023-09-10 23:57:37.909527]
Generation: 270 Fit: -18
Best: [25, 35, 99, 56, 15, 66, 60, 47, 65, 79, 16, 11, 20, 32, 7, 54, 18, 91, 23, 94, 44, 84, 90, 81, 59, 37, 58, 13, 41, 27, 53, 97, 75, 78, 16, 14, 57, 63, 100, 31, 82, 96, 2, 89, 33, 6, 45, 80, 26, 4, 71, 10, 29, 36, 70, 17, 30, 87, 24, 28, 5, 88, 93, 4, 79, 3, 69, 52, 75, 83, 40, 62, 76, 68, 2, 10, 47, 1, 51, 67, 64, 98, 22, 12, 74, 55, 95, 5, 46, 8, 77, 92, 73, 61, 90, 21, 43, 50, 9, 38]

[2023-09-10 23:57:44.909393]
Generation: 290 Fit: -17
Best: [25, 35, 99, 56, 15, 66, 60, 48, 65, 79, 48, 11, 20, 32, 7, 54, 18, 91, 23, 94, 44, 84, 90, 81, 59, 37, 58, 13, 41, 27, 53, 97, 75, 78, 16, 14, 57, 63, 100, 31, 82, 96, 2, 89, 33, 6, 45, 80, 26, 4, 71, 10, 29, 36, 70, 17, 30, 85, 24, 28, 5, 88, 93, 4, 79, 3, 69, 52, 75, 83, 40, 62, 76, 68, 2, 42, 47, 1, 15, 67, 64, 98, 22, 12, 74, 55, 95, 5, 46, 8, 77, 92, 73, 61, 90, 21, 43, 50, 9, 38]

[2023-09-10 23:57:48.397426]
Generation: 300 Fit: -16
Best: [25, 35, 99, 56, 15, 66, 60, 48, 65, 79, 48, 11, 20, 32, 7, 54, 18, 91, 23, 94, 44, 84, 90, 81, 59, 37, 58, 13, 41, 27, 53, 97, 75, 78, 16, 14, 57, 63, 100, 31, 82, 96, 2, 89, 33, 6, 45, 80, 26, 4, 71, 10, 29, 36, 70, 17, 30, 85, 24, 28, 5, 88, 93, 4, 79, 3, 69, 52, 75, 83, 39, 62, 76, 68, 2, 10, 47, 1, 51, 67, 64, 98, 22, 12, 74, 55, 95, 5, 46, 8, 77, 92, 73, 61, 90, 21, 43, 50, 9, 38]

[2023-09-10 23:58:00.044933]
Generation: 333 Fit: -15
Best: [25, 35, 99, 56, 15, 66, 60, 47, 65, 79, 48, 11, 20, 32, 7, 54, 18, 91, 23, 94, 44, 84, 90, 81, 59, 37, 58, 13, 41, 27, 53, 97, 75, 78, 16, 14, 57, 63, 100, 31, 82, 96, 2, 89, 33, 6, 45, 80, 26, 4, 71, 10, 29, 36, 70, 17, 30, 85, 24, 28, 5, 88, 93, 4, 79, 3, 69, 52, 75, 83, 39, 62, 76, 68, 2, 42, 47, 1, 51, 67, 64, 98, 22, 12, 74, 55, 95, 5, 46, 8, 77, 92, 73, 61, 90, 21, 43, 50, 9, 38]

[2023-09-10 23:58:04.675585]
Generation: 346 Fit: -14
Best: [25, 35, 99, 56, 15, 66, 60, 47, 65, 79, 48, 11, 20, 32, 7, 54, 18, 91, 23, 94, 44, 84, 90, 81, 59, 37, 58, 13, 41, 27, 53, 97, 75, 78, 16, 14, 57, 63, 100, 31, 82, 96, 2, 89, 33, 6, 45, 80, 26, 4, 7, 10, 29, 36, 70, 17, 30, 85, 24, 28, 5, 88, 93, 4, 79, 3, 69, 52, 11, 83, 39, 62, 76, 68, 2, 42, 47, 1, 51, 67, 64, 98, 22, 12, 74, 55, 95, 5, 46, 8, 77, 92, 73, 61, 90, 21, 43, 50, 9, 38]

[2023-09-10 23:58:38.781531]
Generation: 443 Fit: -13
Best: [25, 35, 99, 56, 15, 66, 60, 48, 65, 79, 48, 11, 20, 32, 7, 22, 18, 91, 23, 94, 44, 84, 90, 81, 59, 37, 58, 13, 41, 27, 53, 97, 75, 78, 16, 14, 57, 63, 100, 31, 82, 96, 2, 89, 33, 6, 45, 80, 26, 4, 70, 10, 29, 36, 70, 19, 30, 85, 24, 28, 5, 88, 93, 4, 79, 3, 69, 52, 11, 83, 39, 62, 76, 68, 2, 42, 47, 1, 51, 67, 64, 98, 54, 12, 74, 55, 95, 5, 46, 8, 77, 92, 73, 61, 90, 21, 43, 50, 9, 38]

[2023-09-10 23:59:05.678537]
Generation: 519 Fit: -12
Best: [25, 35, 99, 56, 15, 66, 60, 47, 65, 87, 48, 11, 20, 32, 7, 54, 18, 91, 23, 94, 44, 84, 90, 81, 59, 37, 58, 13, 41, 27, 53, 97, 75, 78, 16, 14, 57, 63, 100, 31, 82, 96, 2, 89, 33, 6, 45, 80, 26, 4, 86, 10, 29, 36, 70, 17, 30, 85, 24, 28, 5, 88, 93, 4, 79, 3, 69, 52, 11, 83, 39, 62, 76, 68, 2, 42, 47, 1, 51, 67, 64, 98, 38, 12, 74, 55, 95, 5, 46, 8, 77, 92, 73, 61, 90, 21, 43, 50, 9, 38]

[2023-09-11 00:00:01.481678]
Generation: 680 Fit: -11
Best: [25, 35, 99, 40, 15, 70, 60, 47, 65, 87, 48, 11, 20, 32, 7, 54, 18, 91, 23, 94, 44, 84, 90, 81, 59, 37, 58, 13, 3, 27, 53, 97, 92, 78, 16, 14, 57, 63, 100, 31, 82, 96, 2, 89, 33, 6, 45, 80, 26, 4, 86, 10, 29, 36, 72, 17, 30, 85, 24, 12, 5, 88, 93, 4, 79, 3, 69, 52, 11, 83, 39, 62, 76, 68, 2, 42, 39, 1, 51, 67, 64, 97, 38, 12, 74, 55, 95, 5, 46, 8, 77, 92, 73, 61, 90, 21, 43, 34, 9, 22]

[2023-09-11 00:00:07.096612]
Generation: 696 Fit: -10
Best: [25, 35, 99, 56, 15, 70, 60, 47, 65, 87, 48, 11, 20, 32, 7, 54, 18, 91, 23, 94, 44, 84, 90, 81, 59, 37, 58, 13, 3, 27, 53, 97, 91, 78, 16, 14, 57, 63, 100, 31, 82, 96, 2, 89, 33, 6, 45, 80, 26, 4, 86, 10, 29, 36, 72, 17, 30, 85, 24, 28, 5, 88, 93, 4, 79, 3, 69, 52, 11, 83, 39, 62, 76, 68, 2, 42, 39, 1, 51, 67, 64, 98, 38, 12, 74, 55, 95, 5, 46, 8, 77, 92, 73, 61, 74, 21, 43, 34, 9, 22]

[2023-09-11 00:00:25.177657]
Generation: 748 Fit: -9
Best: [25, 35, 99, 40, 15, 70, 60, 47, 65, 87, 48, 11, 20, 32, 7, 54, 18, 91, 23, 94, 44, 84, 90, 81, 59, 37, 58, 13, 3, 27, 53, 97, 91, 78, 16, 14, 57, 63, 100, 31, 82, 96, 2, 89, 33, 6, 45, 80, 26, 4, 86, 10, 29, 36, 72, 17, 30, 85, 24, 28, 5, 88, 93, 4, 79, 3, 69, 52, 11, 83, 39, 62, 76, 68, 2, 42, 39, 1, 51, 67, 64, 98, 38, 12, 74, 55, 95, 5, 46, 8, 77, 92, 73, 61, 66, 21, 43, 34, 9, 22]

[2023-09-11 00:05:24.623957]
Generation: 1608 Fit: -8
Best: [25, 35, 99, 40, 15, 70, 60, 47, 65, 87, 48, 27, 20, 32, 7, 54, 18, 84, 19, 94, 44, 84, 90, 81, 59, 37, 58, 13, 71, 27, 55, 97, 91, 78, 16, 14, 57, 63, 100, 31, 82, 96, 2, 89, 33, 6, 45, 80, 26, 3, 86, 10, 29, 36, 72, 17, 30, 85, 24, 28, 5, 88, 93, 4, 79, 15, 69, 52, 11, 83, 75, 62, 76, 68, 16, 42, 39, 1, 51, 67, 64, 98, 38, 12, 74, 23, 95, 7, 46, 8, 77, 92, 73, 61, 66, 21, 43, 34, 9, 22]

[2023-09-11 00:08:24.606420]
Generation: 2126 Fit: -7
Best: [25, 35, 100, 40, 15, 70, 60, 47, 65, 87, 48, 92, 20, 32, 24, 56, 18, 84, 19, 94, 44, 84, 90, 81, 59, 37, 58, 13, 71, 27, 55, 97, 91, 78, 16, 6, 57, 63, 68, 31, 82, 96, 2, 89, 33, 2, 45, 80, 26, 3, 86, 10, 29, 36, 72, 17, 30, 85, 24, 28, 5, 88, 93, 4, 79, 11, 69, 52, 11, 83, 75, 62, 76, 68, 14, 42, 39, 1, 51, 99, 64, 98, 38, 12, 74, 23, 95, 7, 46, 8, 77, 79, 73, 61, 66, 21, 43, 34, 9, 22]

[2023-09-11 00:08:34.561512]
Generation: 2155 Fit: -6
Best: [25, 35, 100, 40, 15, 70, 60, 47, 65, 87, 48, 92, 20, 32, 24, 56, 18, 84, 19, 94, 44, 84, 90, 81, 59, 37, 58, 13, 71, 27, 55, 97, 91, 78, 16, 6, 57, 63, 68, 31, 82, 96, 2, 89, 33, 6, 45, 80, 26, 3, 86, 10, 29, 36, 72, 17, 30, 85, 22, 28, 5, 88, 93, 4, 79, 11, 69, 52, 11, 83, 75, 62, 76, 68, 14, 42, 39, 1, 51, 99, 64, 98, 38, 12, 74, 23, 95, 7, 46, 8, 77, 79, 73, 61, 66, 21, 43, 34, 9, 54]

[2023-09-11 00:08:36.665801]
Generation: 2161 Fit: -5
Best: [25, 35, 100, 40, 15, 70, 60, 47, 65, 87, 48, 92, 20, 32, 24, 56, 18, 84, 19, 94, 44, 84, 90, 81, 59, 37, 58, 13, 71, 27, 53, 97, 91, 78, 16, 6, 57, 63, 68, 31, 82, 96, 2, 89, 33, 6, 45, 80, 26, 3, 86, 10, 29, 36, 72, 17, 30, 85, 22, 28, 5, 88, 93, 4, 79, 11, 69, 52, 11, 83, 75, 62, 76, 67, 14, 42, 39, 1, 51, 99, 64, 98, 38, 12, 74, 23, 95, 7, 46, 8, 77, 79, 73, 61, 66, 21, 43, 34, 9, 54]

[2023-09-11 01:19:33.128982]
Generation: 14299 Fit: -4
Best: [25, 35, 100, 48, 78, 70, 60, 47, 84, 87, 14, 44, 20, 32, 24, 56, 18, 69, 55, 9, 95, 80, 73, 71, 59, 37, 22, 77, 39, 27, 23, 97, 92, 94, 31, 58, 49, 63, 68, 31, 82, 16, 36, 89, 33, 4, 53, 76, 26, 19, 86, 12, 29, 5, 72, 17, 57, 85, 2, 28, 81, 88, 93, 1, 79, 15, 69, 52, 11, 83, 75, 50, 96, 3, 10, 43, 40, 30, 51, 99, 64, 98, 38, 34, 6, 45, 95, 67, 46, 8, 66, 91, 74, 21, 65, 13, 42, 34, 7, 62]

[2023-09-11 03:53:17.130511]
Generation: 40585 Fit: -3
Best: [42, 44, 52, 47, 10, 51, 14, 41, 83, 86, 5, 60, 80, 33, 24, 8, 92, 73, 59, 79, 7, 68, 21, 71, 48, 37, 88, 96, 39, 95, 28, 1, 90, 78, 31, 62, 49, 63, 67, 77, 70, 16, 36, 6, 29, 34, 55, 100, 26, 4, 19, 17, 11, 2, 72, 58, 27, 93, 12, 84, 82, 25, 53, 1, 69, 15, 89, 32, 35, 6, 91, 54, 87, 20, 74, 43, 56, 50, 3, 9, 64, 98, 38, 97, 18, 45, 65, 75, 46, 40, 22, 81, 66, 85, 13, 76, 23, 30, 94, 61]

