[2023-09-11 00:31:44.660457]
W:31181, Items: 19
[2023-09-11 00:31:44.669167]
Generation: 1 Fit: -0.5379114279732454
Best: [1, 1, 0, 1, 1, 0, 0, 0, 0, 0, 1, 1, 1, 1, 1, 1, 1, 1, 1]

[2023-09-11 00:31:44.675504]
Generation: 2 Fit: -0.5348677060804631
Best: [1, 1, 0, 1, 0, 0, 1, 1, 1, 1, 1, 1, 0, 1, 1, 1, 0, 0, 1]

[2023-09-11 00:31:44.679688]
Generation: 3 Fit: -0.517111856968863
Best: [1, 0, 1, 1, 0, 1, 1, 1, 1, 0, 1, 0, 1, 1, 1, 1, 1, 1, 1]

[2023-09-11 00:31:44.692116]
Generation: 6 Fit: -0.5111981729059282
Best: [1, 1, 1, 1, 0, 1, 1, 1, 1, 0, 1, 1, 1, 1, 1, 1, 1, 1, 1]

[2023-09-11 00:31:44.704570]
Generation: 9 Fit: -0.5099470040408278
Best: [1, 1, 1, 1, 1, 1, 1, 0, 1, 1, 1, 1, 1, 1, 1, 1, 1, 1, 1]

[2023-09-11 00:31:44.712765]
Generation: 11 Fit: -0.5069408469501541
Best: [1, 1, 1, 1, 1, 1, 1, 1, 1, 0, 1, 1, 1, 1, 1, 1, 1, 1, 1]

[2023-09-11 00:31:44.724840]
Generation: 14 Fit: -0.5029124718803192
Best: [1, 1, 1, 1, 1, 1, 1, 1, 1, 1, 1, 1, 1, 1, 1, 1, 1, 1, 1]

[2023-09-11 00:32:29.954810]
Generation: 12366 Fit: 9.94663167104112
Best: [0, 0, 0, 0, 1, 0, 1, 1, 0, 1, 0, 0, 1, 0, 0, 1, 0, 1, 0]

