[2023-09-11 09:00:52.554902]
W:1000000, Items: 10000
[2023-09-11 09:01:21.307747]
Generation: 1 Fit: 761681
Best: [(1095, (145586, 134912)), (1478, (197204, 179503)), (6455, (185883, 181142)), (6812, (110702, 114263)), (7126, (122306, 132613))]

[2023-09-11 09:01:49.044755]
Generation: 2 Fit: 943941
Best: [(633, (182767, 176256)), (737, (116460, 106183)), (1596, (212594, 195573)), (4607, (71086, 77403)), (7880, (171362, 173237)), (8987, (189672, 182157))]

[2023-09-11 09:02:16.671139]
Generation: 3 Fit: 1021325
Best: [(2601, (177210, 172995)), (3307, (149405, 140681)), (5009, (185658, 190306)), (5621, (36530, 37439)), (6948, (117925, 117817)), (9025, (160301, 153221)), (9564, (176425, 160925)), (9565, (17871, 18248))]

[2023-09-11 09:03:48.064568]
Generation: 7 Fit: 1025990
Best: [(1536, (84160, 83971)), (2378, (183772, 182045)), (2473, (106165, 96942)), (4925, (177125, 162036)), (5483, (156433, 151878)), (7369, (165377, 161913)), (8043, (21073, 21763)), (8870, (46307, 46643)), (9131, (85578, 79947))]

[2023-09-11 09:04:15.579843]
Generation: 8 Fit: 1030040
Best: [(1382, (108925, 117152)), (1878, (59883, 55173)), (1941, (155598, 149279)), (6124, (153483, 140857)), (6332, (54179, 59963)), (6803, (76549, 77680)), (8361, (138245, 130651)), (8459, (201351, 185652)), (9448, (81827, 79764))]

[2023-09-11 09:04:43.162410]
Generation: 9 Fit: 1030192
Best: [(2358, (186406, 172318)), (2538, (94441, 104223)), (2815, (180311, 164076)), (5795, (44568, 45225)), (5851, (132262, 130162)), (8225, (178678, 179312)), (9829, (22334, 20335)), (9846, (191192, 181560))]

[2023-09-11 09:05:10.763249]
Generation: 10 Fit: 1036627
Best: [(706, (84120, 90609)), (1615, (74053, 70338)), (1647, (71919, 72413)), (2437, (112842, 107544)), (4598, (193790, 179079)), (6093, (17790, 17050)), (6607, (207461, 189588)), (8025, (113552, 111721)), (9112, (160976, 150295)), (9722, (124, 134))]

[2023-09-11 09:06:06.094919]
Generation: 12 Fit: 1053136
Best: [(739, (42341, 45652)), (1799, (115917, 107043)), (4203, (58470, 61059)), (4744, (113463, 110912)), (5226, (193720, 176621)), (6132, (79276, 73611)), (6351, (24545, 24567)), (8459, (201351, 185652)), (9032, (23011, 23502)), (9226, (24617, 25356)), (9564, (176425, 160925))]

[2023-09-11 09:11:09.758831]
Generation: 26 Fit: 1056141
Best: [(1052, (18942, 19786)), (2564, (23886, 22820)), (2760, (41687, 38861)), (4297, (215667, 197497)), (4938, (78602, 74153)), (5288, (93053, 91700)), (7531, (164757, 151364)), (7620, (204576, 199214)), (8108, (170037, 156849)), (8712, (6286, 6366)), (9678, (33598, 34853)), (9926, (5050, 4785))]

[2023-09-11 19:53:18.658344]
Elapsed Time: 0D 10H 52M 26.103441953659058S
KeyboardInterrupt
