[2023-09-11 01:06:37.223103]
[2023-09-11 01:06:37.362357]
Generation: 2 Fit: -43
Best: [7, 50, 35, 16, 41, 38, 4, 6, 11, 39, 36, 31, 39, 47, 20, 14, 8, 22, 22, 32, 21, 44, 32, 31, 12, 36, 20, 11, 18, 38, 44, 12, 25, 15, 47, 49, 33, 21, 18, 13, 3, 17, 15, 24, 50, 25, 14, 13, 2, 24]

[2023-09-11 01:06:37.425137]
Generation: 3 Fit: -42
Best: [7, 42, 21, 27, 43, 34, 31, 25, 16, 24, 45, 44, 49, 13, 8, 37, 31, 40, 17, 47, 47, 6, 49, 44, 33, 17, 30, 19, 50, 36, 6, 24, 4, 1, 46, 22, 20, 16, 14, 27, 30, 37, 21, 19, 21, 30, 34, 11, 7, 7]

[2023-09-11 01:06:37.485610]
Generation: 4 Fit: -39
Best: [24, 50, 34, 12, 30, 38, 7, 11, 28, 31, 23, 33, 26, 35, 12, 20, 35, 12, 9, 5, 4, 47, 19, 26, 15, 30, 6, 3, 32, 34, 3, 45, 22, 31, 21, 47, 32, 10, 50, 4, 13, 1, 9, 26, 24, 39, 48, 49, 44, 28]

[2023-09-11 01:06:38.067220]
Generation: 14 Fit: -38
Best: [28, 16, 16, 9, 34, 18, 30, 39, 15, 18, 5, 45, 7, 34, 2, 1, 36, 8, 27, 25, 11, 16, 22, 7, 43, 23, 29, 31, 24, 1, 41, 27, 45, 35, 12, 24, 36, 13, 20, 20, 29, 31, 30, 41, 11, 47, 8, 25, 4, 47]

[2023-09-11 01:06:38.293286]
Generation: 18 Fit: -37
Best: [27, 16, 16, 9, 34, 18, 30, 39, 15, 18, 5, 11, 7, 34, 34, 1, 36, 14, 27, 25, 11, 32, 5, 7, 43, 23, 29, 31, 24, 1, 41, 27, 45, 39, 12, 24, 36, 13, 20, 20, 29, 31, 30, 41, 11, 47, 8, 9, 20, 47]

[2023-09-11 01:06:38.406794]
Generation: 20 Fit: -36
Best: [22, 8, 1, 25, 12, 6, 42, 45, 47, 19, 42, 7, 3, 3, 6, 50, 26, 29, 33, 7, 11, 32, 14, 7, 33, 23, 29, 31, 24, 1, 41, 27, 45, 35, 12, 24, 36, 13, 20, 20, 29, 31, 30, 41, 11, 47, 8, 26, 36, 47]

[2023-09-11 01:06:38.632298]
Generation: 24 Fit: -35
Best: [27, 16, 16, 9, 34, 18, 30, 45, 47, 18, 1, 45, 3, 34, 2, 1, 4, 40, 11, 25, 11, 32, 6, 7, 43, 23, 29, 31, 24, 1, 41, 27, 41, 35, 12, 24, 36, 13, 20, 20, 29, 31, 30, 41, 43, 47, 8, 25, 4, 47]

[2023-09-11 01:06:38.802805]
Generation: 27 Fit: -34
Best: [43, 17, 48, 26, 12, 26, 17, 45, 47, 19, 34, 7, 3, 3, 6, 34, 4, 8, 27, 25, 11, 32, 14, 23, 33, 23, 29, 31, 24, 1, 41, 19, 45, 35, 12, 24, 36, 13, 20, 20, 29, 31, 30, 41, 11, 47, 8, 25, 4, 47]

[2023-09-11 01:06:39.028420]
Generation: 31 Fit: -32
Best: [19, 16, 16, 13, 34, 50, 30, 45, 47, 18, 21, 45, 7, 34, 2, 1, 36, 5, 33, 7, 11, 32, 14, 23, 33, 23, 29, 31, 24, 1, 41, 19, 45, 35, 12, 24, 36, 14, 20, 20, 29, 31, 30, 41, 11, 47, 6, 9, 2, 47]

[2023-09-11 01:06:39.422905]
Generation: 38 Fit: -31
Best: [27, 16, 16, 9, 34, 50, 30, 45, 47, 18, 5, 45, 7, 34, 34, 1, 34, 21, 33, 23, 11, 14, 13, 8, 33, 23, 29, 31, 24, 1, 41, 27, 45, 35, 12, 24, 36, 13, 20, 20, 29, 31, 30, 41, 11, 47, 8, 9, 24, 47]

[2023-09-11 01:06:39.705826]
Generation: 43 Fit: -30
Best: [27, 16, 13, 9, 12, 26, 10, 45, 47, 18, 5, 45, 7, 34, 34, 1, 34, 13, 33, 7, 11, 32, 13, 7, 33, 23, 29, 31, 24, 1, 41, 27, 45, 43, 12, 24, 36, 13, 20, 20, 29, 31, 30, 41, 11, 47, 24, 10, 36, 47]

[2023-09-11 01:06:40.439790]
Generation: 56 Fit: -29
Best: [27, 16, 16, 13, 34, 8, 30, 45, 47, 18, 5, 45, 7, 34, 34, 1, 34, 13, 35, 7, 11, 26, 11, 7, 35, 23, 29, 31, 24, 1, 41, 27, 45, 35, 12, 24, 36, 5, 20, 28, 29, 31, 30, 41, 11, 47, 8, 26, 36, 47]

[2023-09-11 01:06:40.721762]
Generation: 61 Fit: -28
Best: [27, 16, 16, 13, 34, 8, 30, 45, 47, 26, 5, 45, 7, 33, 34, 1, 34, 13, 33, 23, 11, 26, 11, 7, 35, 23, 29, 31, 24, 1, 41, 27, 45, 35, 12, 24, 36, 5, 20, 28, 29, 31, 30, 41, 11, 47, 8, 10, 36, 47]

[2023-09-11 01:06:40.835429]
Generation: 63 Fit: -27
Best: [27, 16, 16, 13, 34, 8, 30, 45, 47, 18, 5, 45, 7, 34, 34, 1, 34, 13, 33, 23, 11, 26, 11, 7, 35, 23, 29, 31, 24, 1, 41, 27, 45, 35, 12, 24, 36, 5, 20, 28, 29, 31, 30, 41, 11, 47, 8, 18, 36, 47]

[2023-09-11 01:06:40.892082]
Colors: 27
Coloration:
[27, 16, 16, 13, 34, 8, 30, 45, 47, 18, 5, 45, 7, 34, 38, 1, 34, 13, 33, 23, 11, 14, 11, 7, 35, 23, 29, 31, 24, 1, 9, 27, 43, 35, 16, 24, 36, 5, 20, 28, 29, 31, 30, 41, 11, 47, 8, 18, 36, 47]

{'[27, 16, 16, 13, 34, 8, 30, 45, 47, 18, 5, 45, 7, 34, 38, 1, 34, 13, 33, 23, 11, 14, 11, 7, 35, 23, 29, 31, 24, 1, 9, 27, 43, 35, 16, 24, 36, 5, 20, 28, 29, 31, 30, 41, 11, 47, 8, 18, 36, 47]'}
[2023-09-11 01:06:40.892197]
Elapsed Time: 0D 0H 0M 3.6690945625305176S
