[2023-09-09 01:51:16.693581]
[2023-09-09 01:51:16.708303]
Colors: 36
Coloration:
[16, 15, 45, 27, 1, 21, 43, 38, 10, 49, 22, 14, 19, 9, 4, 24, 29, 24, 13, 7, 48, 5, 3, 6, 40, 6, 2, 31, 28, 10, 42, 3, 35, 7, 1, 39, 2, 33, 44, 34, 4, 1, 5, 8, 40, 5, 12, 9, 47, 27]

[2023-09-09 01:51:16.715726]
Colors: 35
Coloration:
[16, 15, 45, 27, 1, 21, 43, 38, 10, 22, 22, 14, 19, 9, 4, 24, 29, 24, 13, 7, 48, 5, 3, 6, 40, 6, 2, 31, 28, 10, 42, 3, 35, 7, 1, 39, 2, 33, 44, 34, 4, 1, 5, 8, 40, 5, 12, 9, 47, 27]

[2023-09-09 01:51:16.722719]
Colors: 34
Coloration:
[16, 15, 45, 27, 1, 21, 43, 38, 10, 22, 22, 14, 19, 9, 4, 24, 29, 24, 13, 7, 10, 5, 3, 6, 40, 6, 2, 31, 28, 10, 42, 3, 35, 7, 1, 39, 2, 33, 44, 34, 4, 1, 5, 8, 40, 5, 12, 9, 47, 27]

[2023-09-09 01:51:16.730133]
Colors: 33
Coloration:
[16, 15, 45, 27, 1, 21, 43, 38, 10, 22, 22, 14, 19, 9, 4, 24, 29, 24, 13, 7, 10, 5, 3, 6, 40, 6, 2, 31, 28, 10, 42, 3, 35, 7, 1, 39, 2, 33, 44, 34, 4, 1, 5, 8, 40, 5, 12, 9, 16, 27]

[2023-09-09 01:51:16.736744]
Colors: 32
Coloration:
[16, 15, 13, 27, 1, 21, 43, 38, 10, 22, 22, 14, 19, 9, 4, 24, 29, 24, 13, 7, 10, 5, 3, 6, 40, 6, 2, 31, 28, 10, 42, 3, 35, 7, 1, 39, 2, 33, 44, 34, 4, 1, 5, 8, 40, 5, 12, 9, 16, 27]

[2023-09-09 01:51:16.743679]
Colors: 31
Coloration:
[16, 15, 13, 27, 1, 21, 43, 38, 10, 22, 22, 14, 19, 9, 4, 24, 29, 24, 13, 7, 10, 5, 3, 6, 40, 6, 2, 31, 28, 10, 42, 3, 35, 7, 1, 39, 2, 33, 15, 34, 4, 1, 5, 8, 40, 5, 12, 9, 16, 27]

[2023-09-09 01:51:16.749916]
Colors: 30
Coloration:
[16, 15, 13, 27, 1, 21, 4, 38, 10, 22, 22, 14, 19, 9, 4, 24, 29, 24, 13, 7, 10, 5, 3, 6, 40, 6, 2, 31, 28, 10, 42, 3, 35, 7, 1, 39, 2, 33, 15, 34, 4, 1, 5, 8, 40, 5, 12, 9, 16, 27]

[2023-09-09 01:51:16.756106]
Colors: 29
Coloration:
[16, 15, 13, 27, 1, 21, 4, 38, 10, 22, 22, 14, 19, 9, 4, 24, 29, 24, 13, 7, 10, 5, 3, 6, 40, 6, 2, 31, 28, 10, 8, 3, 35, 7, 1, 39, 2, 33, 15, 34, 4, 1, 5, 8, 40, 5, 12, 9, 16, 27]

[2023-09-09 01:51:16.772414]
Colors: 28
Coloration:
[16, 15, 13, 27, 1, 21, 4, 2, 10, 22, 22, 14, 19, 9, 4, 24, 29, 24, 13, 7, 10, 5, 3, 6, 11, 6, 2, 31, 28, 10, 8, 3, 35, 7, 1, 17, 2, 33, 15, 34, 4, 1, 5, 8, 11, 5, 12, 9, 16, 27]

[2023-09-09 01:51:16.777745]
Colors: 27
Coloration:
[16, 15, 13, 27, 1, 21, 4, 2, 10, 22, 22, 14, 19, 9, 4, 24, 29, 24, 13, 7, 10, 5, 3, 6, 11, 6, 2, 31, 28, 10, 8, 3, 10, 7, 1, 17, 2, 33, 15, 34, 4, 1, 5, 8, 11, 5, 12, 9, 16, 27]

[2023-09-09 01:51:16.787632]
Colors: 25
Coloration:
[16, 15, 13, 27, 1, 21, 4, 2, 10, 22, 22, 14, 19, 9, 4, 24, 29, 24, 13, 7, 10, 5, 3, 6, 11, 6, 2, 31, 28, 10, 8, 3, 10, 7, 1, 17, 2, 13, 15, 17, 4, 1, 5, 8, 11, 5, 12, 9, 16, 27]

[2023-09-09 01:51:16.792663]
Colors: 24
Coloration:
[16, 15, 13, 27, 1, 21, 4, 2, 10, 22, 22, 14, 19, 9, 4, 24, 29, 24, 13, 7, 10, 5, 3, 6, 11, 6, 2, 12, 28, 10, 8, 3, 10, 7, 1, 17, 2, 13, 15, 17, 4, 1, 5, 8, 11, 5, 12, 9, 16, 27]

[2023-09-09 01:51:16.797006]
Colors: 23
Coloration:
[16, 15, 13, 27, 1, 21, 4, 2, 10, 22, 22, 14, 19, 9, 4, 24, 6, 24, 13, 7, 10, 5, 3, 6, 11, 6, 2, 12, 28, 10, 8, 3, 10, 7, 1, 17, 2, 13, 15, 17, 4, 1, 5, 8, 11, 5, 12, 9, 16, 27]

[2023-09-09 01:51:16.805288]
Colors: 22
Coloration:
[16, 15, 13, 27, 1, 21, 4, 2, 10, 22, 22, 14, 19, 9, 4, 24, 6, 24, 13, 7, 10, 5, 3, 6, 11, 6, 2, 12, 16, 10, 8, 3, 10, 7, 1, 17, 2, 13, 15, 17, 4, 1, 5, 8, 11, 5, 12, 9, 16, 27]

[2023-09-09 01:51:16.813240]
Colors: 21
Coloration:
[16, 15, 13, 5, 1, 21, 4, 2, 10, 22, 22, 14, 19, 9, 4, 24, 6, 24, 13, 7, 10, 7, 3, 6, 11, 6, 2, 12, 16, 10, 8, 3, 10, 7, 1, 17, 2, 13, 15, 17, 4, 1, 5, 8, 11, 5, 12, 9, 16, 11]

[2023-09-09 01:51:16.846972]
Colors: 20
Coloration:
[16, 15, 13, 5, 1, 2, 4, 2, 10, 8, 8, 14, 19, 9, 4, 3, 6, 3, 13, 7, 10, 7, 3, 6, 11, 6, 2, 12, 16, 10, 20, 18, 10, 7, 1, 17, 5, 13, 15, 17, 4, 1, 18, 19, 11, 16, 12, 9, 16, 11]

[2023-09-09 01:51:16.859789]
Colors: 19
Coloration:
[16, 15, 13, 5, 1, 2, 4, 2, 10, 8, 8, 14, 19, 9, 4, 3, 6, 3, 13, 7, 10, 7, 3, 6, 11, 6, 2, 12, 16, 10, 1, 18, 10, 7, 18, 17, 5, 13, 15, 17, 4, 12, 18, 19, 11, 16, 12, 9, 16, 11]

[2023-09-09 01:51:16.882956]
Colors: 18
Coloration:
[8, 7, 6, 2, 0, 1, 13, 1, 5, 4, 4, 11, 10, 2, 2, 14, 3, 6, 6, 7, 5, 3, 14, 3, 16, 17, 1, 12, 8, 18, 0, 9, 18, 15, 9, 10, 15, 6, 7, 10, 13, 12, 9, 16, 11, 5, 12, 4, 8, 5]

[2023-09-09 01:51:17.295907]
Colors: 17
Coloration:
[0, 1, 1, 9, 4, 2, 10, 5, 2, 3, 3, 5, 13, 10, 10, 3, 0, 1, 11, 12, 12, 6, 15, 6, 11, 16, 2, 11, 7, 7, 8, 4, 7, 13, 4, 8, 9, 3, 12, 1, 17, 14, 14, 16, 5, 14, 2, 14, 7, 15]

[2023-09-09 01:51:18.383810]
Colors: 16
Coloration:
[0, 5, 1, 2, 1, 10, 5, 10, 10, 12, 12, 3, 6, 5, 2, 12, 11, 9, 8, 7, 7, 13, 14, 6, 13, 15, 10, 6, 4, 1, 16, 14, 11, 16, 2, 4, 15, 8, 7, 6, 16, 9, 2, 11, 9, 13, 10, 5, 4, 9]

[2023-09-09 01:51:41.890101]
Colors: 15
Coloration:
[0, 1, 2, 9, 5, 10, 1, 2, 6, 11, 11, 10, 12, 1, 9, 3, 3, 14, 7, 6, 6, 8, 3, 13, 7, 4, 10, 7, 13, 5, 5, 11, 2, 8, 9, 15, 8, 7, 4, 2, 3, 14, 9, 12, 14, 15, 13, 1, 15, 14]

[2023-09-09 02:01:05.067641]
Colors: 14
Coloration:
[0, 4, 4, 2, 8, 2, 1, 4, 6, 5, 6, 3, 13, 8, 2, 6, 8, 14, 13, 9, 9, 11, 14, 8, 5, 1, 3, 13, 10, 10, 7, 5, 4, 7, 12, 10, 11, 13, 9, 4, 7, 12, 12, 1, 9, 12, 6, 12, 10, 14]

